NUM_MATRICES 3
NUM_ROWS 15
NUM_COLUMNS 10
13 10  7 10 16 17  8 19  3  2
  2 19  3  7 19 13  4  9 18  8
  0  0  0 18  0 11  7 14  9 20
  7  0 11  0 19  7 18  1  0 18
 15 19 20 18 15 10 13 20 11  2
 13 12 10 15  7  1  5 18  7 20
 20 18 17 18 18 19  4  5 12 12
  8  1 14  8  1 17  0 11 15 11
  6 16 13 15  8  1 10 20  3  7
  6  7  6  3  9  2  9  6 12  9
 15 14 16 15 10 16 19  6 12 14
 12 12  1 16  7 12 20  9  2  0
 19 13  6  0  6  0  0 20  0 11
  8 19 20 13 11 10 17 14  8  0
  0 15 15 11  9 18  4  6  9 19
NUM_ROWS 10
NUM_COLUMNS 12
  1  -4   6   7  10   7   1  -4   8  -8   2  -6
   1  10 -10   1  -1  -6   8   9  -2   7  -1   4
   2  -1   8  -7  -8  -5   0   1   7  -8   9   6
   6  -7  -7   6  -7   6  -2   6   0   3   1   3
  -9   4   8  -4   4  -2  -3 -10  10  -9  -8  -3
  -3   5  -5  -9 -10  -7   8 -10  -2  10  -7   5
  -6  -3  -6   2   0   5  -3  -6  -5 -10 -10  -3
  -3  -4   9  -4  -4  -2  -7   9  10  -8   0   0
   6   2  -4  -2  -8   4  -8  -2  -5   6  10   2
  -9  -7   5   5  -1   2   9  -1  -8  -9  -9  10
NUM_ROWS 15
NUM_COLUMNS 12
-197   15  134 -163 -214  -82    1 -104  383 -256 -216   76
 -156  203  -91 -163 -314 -112   40  -99   79   -3 -156  215
 -135 -270  -33   49 -384  114   41   44 -122 -144 -219  306
 -436 -112  238  -45  -34   31  107 -394   85 -595 -430  128
  -73  -17   72 -124 -365  -28  -83   67  416 -370  -19  168
 -153 -227  188  110 -197   95   49  174  178 -440 -104  258
 -114   32   32  -72 -326  -32  191 -178  259 -204 -112  281
  -17  -94  111 -169 -430  -33   35  -83   83  -81   73  286
 -102  -98   77  -15 -254  -16  -43  240  264 -362  -76  178
 -125  -25   52  -14 -129   55  -39  -80   45 -246  -75  107
 -173  -76  -65  -27 -351   58  126 -186   65 -327 -213  264
 -112  -45 -203   49 -156   95   12  -76  105 -175 -283   13
 -169  -85  315   55   62   -5   64  156  340 -422  -68   66
  -80   50  -43 -159 -366  -83  -32   35  271 -285  -58  169
 -183   33  -36 -161 -471 -161  260  -61  -28  -88 -188  442

