NUM_OPERATIONS 10000
2 306
2 16
1 268
0 335
0 241
2 50
0 49
2 54
1 25
2 120
0 63
2 21
2 130
1 96
0 362
2 72
2 277
0 77
1 120
0 208
2 303
1 44
2 238
0 168
1 54
2 352
0 269
2 392
2 119
0 95
0 30
1 351
2 254
0 53
2 40
1 334
2 119
2 294
2 74
0 221
0 349
1 243
1 147
1 217
1 323
2 347
2 79
2 260
2 326
2 307
2 175
1 309
2 218
1 251
2 265
0 19
1 245
1 33
2 97
1 258
0 160
1 372
1 105
1 172
0 146
0 398
2 319
2 214
1 111
0 30
2 137
0 190
2 310
1 374
0 71
1 27
1 39
2 70
1 232
1 175
2 320
1 299
1 81
0 376
1 179
0 167
2 55
2 298
2 179
2 371
1 106
2 81
1 396
1 288
1 392
0 206
2 236
0 153
2 218
0 108
2 135
2 313
1 231
1 154
0 85
0 259
1 123
2 335
0 92
1 346
0 286
1 397
0 257
1 40
0 279
1 72
0 22
2 204
1 196
2 261
2 83
0 71
1 60
0 323
1 230
2 235
0 23
1 239
2 381
2 353
1 26
0 274
0 10
0 298
1 36
1 85
0 278
1 323
2 162
1 90
2 117
2 108
1 157
2 18
1 225
2 399
1 396
2 296
0 351
1 210
2 353
2 106
1 51
0 170
1 275
1 205
2 183
2 131
2 260
1 79
0 120
0 335
0 351
1 121
2 27
2 291
2 226
2 211
2 25
2 90
2 240
2 291
0 207
0 363
0 170
0 153
2 120
0 6
0 321
0 374
2 57
1 327
2 262
1 159
2 119
1 187
2 143
0 381
2 100
2 18
2 387
1 159
0 259
1 178
1 290
1 127
2 19
0 230
2 192
2 168
2 238
2 269
2 33
1 330
0 196
2 2
1 119
1 290
2 325
0 157
1 221
2 164
1 339
2 121
0 384
2 42
1 243
2 203
2 163
1 8
2 82
0 142
1 171
0 178
0 101
2 312
2 220
0 162
1 71
2 289
0 172
2 276
0 243
0 290
0 213
2 364
2 307
0 96
0 139
2 174
1 208
0 162
0 163
2 186
1 207
0 287
2 8
1 393
1 244
2 256
0 182
1 352
0 327
0 166
0 320
2 306
0 27
0 156
1 391
2 23
1 18
2 178
0 74
1 275
2 56
0 375
1 351
2 325
2 375
0 345
2 33
1 24
0 320
1 248
2 122
2 111
1 180
2 165
1 61
0 171
0 171
1 353
0 74
2 2
0 370
2 344
0 200
2 62
0 149
2 32
2 179
1 11
2 31
1 212
0 215
2 207
2 130
1 108
1 39
0 253
0 57
1 13
1 166
0 376
2 384
0 185
1 150
1 123
1 370
2 271
1 318
0 170
0 238
2 252
2 387
0 287
0 302
2 300
0 374
2 382
2 283
1 123
0 363
1 213
2 180
0 119
0 163
2 147
0 167
2 279
1 104
1 198
0 66
0 74
0 374
0 1
1 224
0 290
1 368
0 121
1 189
1 246
2 129
2 353
2 391
1 50
0 398
1 101
0 345
1 106
2 230
0 177
0 229
0 241
1 171
2 345
2 201
1 312
2 185
1 225
1 99
2 270
0 122
2 162
0 145
2 386
2 373
1 30
1 231
2 399
0 232
2 362
0 136
2 362
2 141
1 97
1 63
2 337
1 338
0 252
0 366
1 59
2 3
0 141
1 358
1 236
1 85
1 222
1 74
1 142
1 372
1 55
0 206
2 220
1 91
0 228
0 311
2 396
2 374
1 148
2 278
2 122
2 183
2 184
1 130
2 72
0 164
0 137
2 118
2 115
1 30
2 265
2 229
1 254
1 399
0 136
2 385
1 240
1 203
0 25
2 349
0 35
0 222
1 85
2 129
1 149
1 141
0 98
2 276
2 173
2 354
2 153
2 167
2 108
2 17
0 301
2 228
2 80
0 107
1 390
1 363
1 393
0 154
0 75
0 44
1 305
2 156
0 337
2 51
0 292
0 177
1 34
0 129
0 56
1 277
0 72
1 187
0 345
2 157
0 371
1 266
2 198
0 335
1 345
2 180
1 54
2 31
0 362
1 200
0 395
0 65
0 318
1 133
1 192
2 282
1 90
1 40
2 171
2 22
0 360
1 354
0 158
2 101
0 146
2 138
1 377
1 209
2 53
2 158
1 231
0 8
2 189
0 208
2 23
1 78
2 31
0 396
1 18
0 309
1 397
0 305
2 249
0 270
2 57
0 147
2 69
1 208
1 202
0 218
1 245
2 207
2 327
1 65
2 301
2 108
2 21
0 273
2 128
1 171
1 171
2 72
1 72
2 98
2 296
2 98
1 211
2 18
1 109
0 84
0 56
1 307
0 205
1 344
2 323
0 117
0 33
1 334
0 70
0 377
2 347
0 107
1 380
0 297
0 206
2 98
1 172
0 336
2 186
2 310
0 396
0 204
0 216
1 133
2 170
0 250
0 186
2 276
1 81
1 254
2 155
2 148
2 358
0 304
1 366
1 254
2 241
0 391
0 195
0 342
2 235
1 82
0 150
2 187
1 132
0 118
2 393
1 214
2 351
0 96
2 332
2 279
1 8
2 231
1 395
1 167
1 366
1 250
0 208
0 347
2 78
0 227
0 332
0 23
2 159
0 200
0 69
0 264
0 350
0 278
2 268
0 175
1 294
0 350
0 63
2 42
1 364
2 212
2 308
1 179
0 354
2 158
0 59
0 99
0 117
2 354
2 22
0 219
2 156
1 17
1 69
0 359
0 326
1 329
1 6
0 302
2 89
0 382
1 82
0 157
1 58
0 184
0 241
0 395
2 174
0 214
1 71
1 276
2 344
1 232
2 314
1 310
0 194
2 151
2 374
2 74
0 18
1 113
1 261
0 255
0 120
0 276
1 243
1 187
1 357
0 138
2 153
0 275
2 342
0 221
2 333
2 349
2 153
0 210
0 169
0 48
2 135
2 79
2 77
1 165
0 283
2 307
0 352
1 382
2 209
1 210
1 99
1 93
1 222
2 266
2 367
2 280
0 238
2 79
2 224
1 350
0 147
1 144
0 40
0 392
1 329
1 389
0 363
0 280
1 384
1 177
2 60
0 53
2 16
0 213
1 375
1 346
0 21
0 222
0 216
1 309
1 19
2 174
2 381
0 167
2 201
2 316
1 1
2 159
0 101
2 255
0 136
1 199
1 292
0 217
0 236
0 254
1 25
0 236
0 84
0 371
2 347
2 145
2 257
2 364
2 277
1 34
0 22
1 170
2 254
2 23
0 113
2 343
1 306
1 144
2 183
0 274
0 4
0 78
1 324
0 218
1 261
1 214
2 85
2 197
2 370
1 29
0 98
2 222
0 151
2 394
2 82
2 64
0 288
1 345
1 183
1 14
0 16
1 328
0 211
0 40
1 345
0 265
0 40
0 48
1 54
0 124
1 310
1 220
1 328
1 12
0 329
0 156
2 253
0 46
0 209
0 245
1 153
0 198
1 198
1 382
1 288
0 385
1 293
1 398
1 371
0 332
2 36
0 245
2 172
2 351
2 376
1 136
0 307
2 322
0 180
2 355
0 11
2 267
2 147
1 124
0 276
0 18
2 143
1 199
2 154
1 295
0 347
0 260
1 365
1 359
1 86
2 214
0 256
0 399
0 347
0 120
1 178
1 135
2 1
2 236
1 84
0 285
0 163
1 285
0 326
1 274
0 159
0 109
0 170
0 18
0 231
1 341
0 275
0 331
2 10
1 31
0 299
2 125
0 61
0 191
2 255
0 1
0 154
0 29
2 217
0 43
0 184
2 58
0 61
2 335
0 156
2 164
0 283
2 119
2 298
2 331
1 375
2 168
0 41
1 54
1 243
0 306
0 81
2 87
1 352
0 210
0 389
2 164
2 262
2 216
1 193
1 314
1 79
0 297
0 279
2 376
0 48
2 149
0 246
1 268
1 257
0 306
1 53
0 118
2 353
2 76
1 81
2 314
1 73
1 278
2 163
1 73
1 137
1 337
2 57
1 181
2 284
0 160
2 159
2 252
0 211
2 257
2 318
1 51
2 383
2 342
1 183
0 356
2 237
2 303
2 100
0 208
2 172
2 321
2 245
1 43
0 102
2 348
0 72
2 12
0 328
2 200
0 370
1 32
1 51
2 102
1 19
2 135
1 276
0 121
0 230
1 178
2 63
0 351
1 126
2 189
0 317
2 166
2 146
1 95
1 132
1 346
1 106
0 341
2 137
0 104
2 225
2 298
2 8
1 23
1 214
1 188
0 200
2 19
2 152
0 142
2 309
0 34
0 169
2 396
2 38
0 273
1 381
1 151
2 23
1 124
1 385
2 367
1 266
2 132
0 100
2 301
0 362
2 24
0 310
0 38
2 121
2 211
0 84
2 93
0 136
1 343
0 129
2 307
2 297
0 14
2 313
2 6
2 250
0 7
1 50
0 109
1 355
2 272
0 281
2 146
0 182
0 139
2 399
0 305
2 86
2 293
2 233
2 273
0 327
2 244
2 324
2 146
2 271
0 318
1 384
0 169
1 153
2 77
1 353
2 50
0 301
2 38
1 241
2 217
1 190
0 145
0 14
2 393
2 310
2 37
2 376
1 61
0 114
1 282
0 119
2 106
0 275
1 154
0 54
2 286
1 33
0 358
0 322
2 330
1 264
2 127
1 172
1 369
2 324
1 352
0 185
0 63
0 201
1 177
1 188
0 99
1 94
0 266
0 10
1 248
2 162
2 115
2 162
0 219
0 336
1 129
0 229
1 181
0 9
2 284
1 21
2 18
0 41
2 131
0 79
2 324
1 353
0 175
0 123
2 202
0 165
2 180
2 124
2 24
0 319
2 329
2 291
2 55
2 229
1 382
2 164
2 149
0 345
2 233
0 317
0 128
0 366
2 76
0 269
0 222
1 8
1 130
2 98
1 230
2 370
1 235
1 120
2 251
0 307
0 134
1 120
1 307
0 170
2 177
0 82
2 228
0 151
2 387
1 142
1 175
0 32
0 246
1 393
0 217
2 183
2 126
2 212
0 390
2 17
1 21
0 168
1 187
2 207
1 168
2 392
2 62
0 352
2 175
2 6
2 247
1 343
2 92
1 7
0 137
0 250
1 121
0 8
2 336
1 83
0 163
0 48
1 100
0 132
2 346
1 267
1 326
1 167
0 366
1 102
0 196
2 262
2 369
2 225
2 83
2 11
1 383
0 70
0 58
1 359
0 340
1 198
2 38
2 286
0 138
2 108
2 338
2 251
2 238
0 214
2 384
1 167
2 282
1 52
2 40
0 344
2 238
1 246
2 107
0 280
1 119
2 179
0 356
0 365
1 106
1 116
0 5
2 58
2 120
0 226
1 121
1 139
2 311
2 235
0 118
0 262
1 102
0 294
0 71
1 253
1 40
2 265
0 252
2 330
2 32
1 132
1 326
2 112
1 256
2 256
2 61
0 210
1 159
0 221
1 364
0 5
0 43
2 48
2 193
2 266
1 134
2 377
0 269
0 298
0 36
1 99
0 273
2 259
0 13
0 261
2 154
1 379
1 137
0 91
2 6
2 154
1 355
0 200
1 221
0 348
1 253
0 352
0 355
1 158
2 291
0 344
0 285
2 241
0 351
2 351
2 288
0 96
1 236
2 68
0 393
0 313
1 64
1 372
0 78
0 386
2 149
2 15
0 255
1 56
1 187
0 163
0 112
1 319
2 154
2 6
1 3
2 393
0 185
2 86
1 96
0 231
1 4
1 278
1 101
2 65
2 340
1 364
0 86
2 399
1 270
0 386
2 323
2 339
0 345
0 370
0 96
1 284
0 48
1 357
1 96
0 37
0 248
0 88
2 284
0 173
1 92
1 27
0 138
2 125
0 389
0 124
0 297
0 185
2 171
1 94
2 164
0 303
0 132
2 346
0 78
0 170
1 278
1 186
0 162
2 100
1 6
1 237
2 232
0 248
0 165
2 269
2 74
1 341
1 163
2 221
1 7
2 10
2 187
1 300
2 105
0 101
0 223
2 14
0 360
1 58
0 204
2 54
2 99
2 83
1 282
2 102
2 295
0 174
0 306
0 32
0 75
0 122
2 70
1 353
0 397
0 155
1 336
1 80
0 204
1 297
0 67
2 375
2 109
1 45
0 225
0 27
2 208
1 199
2 284
1 308
2 162
0 84
0 271
1 134
0 326
0 161
2 30
1 355
1 287
2 154
0 75
1 14
2 329
1 160
1 363
0 95
0 131
1 224
0 342
2 78
2 389
1 261
0 376
1 157
1 216
2 376
2 92
2 173
0 201
2 234
1 2
2 289
0 108
0 135
0 72
1 318
0 52
1 79
0 396
1 291
1 146
2 103
1 257
2 258
0 209
0 222
1 22
0 343
0 225
0 180
2 290
0 356
2 277
0 368
2 270
1 85
0 127
1 254
2 64
0 42
2 206
1 84
1 375
0 357
1 104
1 97
2 234
0 334
0 88
2 384
2 163
0 375
2 256
1 273
2 342
2 192
1 179
2 376
1 301
2 354
0 71
0 398
2 104
2 17
1 237
0 150
2 69
0 289
2 354
1 244
2 78
0 46
1 311
0 11
1 355
2 218
0 17
1 330
0 150
2 312
2 346
0 386
0 187
2 340
1 39
1 39
0 221
0 372
0 106
2 344
0 349
1 87
2 379
0 87
0 364
2 117
2 62
0 326
1 379
2 390
0 52
0 134
2 113
0 4
1 90
2 279
0 111
2 5
0 383
0 220
2 91
2 259
1 41
1 2
0 53
2 38
0 21
1 376
1 277
2 352
2 328
1 5
0 198
0 130
1 101
2 131
1 286
2 344
2 176
2 346
1 337
2 332
2 155
2 93
0 289
0 397
1 277
0 258
0 12
2 258
0 337
2 304
1 378
1 151
1 194
0 382
0 81
2 90
1 224
1 266
0 227
1 331
0 267
1 180
2 177
0 391
0 27
2 338
0 144
0 159
2 186
1 69
1 56
1 101
2 341
2 394
1 231
2 273
0 115
0 377
2 92
2 7
0 264
2 123
0 35
2 345
1 23
0 86
0 173
1 358
0 154
2 283
2 278
1 84
2 209
0 286
2 29
2 19
2 238
1 300
2 23
1 92
0 259
1 123
0 364
0 147
0 35
0 103
2 185
1 306
2 246
1 295
2 85
2 168
2 55
0 195
0 313
2 122
1 65
1 206
0 326
2 147
2 382
1 273
1 37
1 162
2 371
0 158
0 369
2 379
0 394
1 101
2 62
1 81
0 67
2 156
2 239
2 352
1 153
1 388
1 6
1 73
2 207
1 35
1 157
0 201
1 189
2 59
1 125
1 377
1 27
1 183
1 37
1 88
1 362
0 379
2 227
0 344
0 282
2 211
0 393
0 191
1 314
1 34
0 389
0 229
0 145
0 282
1 149
2 370
0 46
2 79
2 2
0 306
2 3
0 323
2 129
0 178
0 362
1 81
2 223
2 368
2 323
1 148
0 219
0 183
1 68
1 138
0 285
0 352
2 162
2 283
2 389
0 333
2 273
0 304
0 325
2 63
1 122
1 320
2 329
0 207
2 364
2 67
1 388
0 137
1 295
0 41
2 82
2 236
2 388
1 50
2 12
0 162
1 323
0 75
1 185
2 251
1 226
2 398
1 337
1 365
1 156
0 117
1 380
2 192
2 94
1 283
0 353
0 239
2 126
2 130
2 196
2 60
0 298
0 237
1 194
1 69
2 209
1 187
1 139
2 160
1 220
0 337
1 88
1 51
1 90
1 124
2 162
1 308
0 242
1 296
0 347
2 385
1 151
1 347
2 152
0 121
2 150
0 147
1 234
1 51
2 378
1 210
1 357
0 200
1 263
0 235
1 62
1 367
1 394
2 101
1 22
1 120
1 280
1 9
0 63
0 39
0 233
1 181
1 366
2 389
1 79
1 40
1 47
0 351
0 322
0 188
2 274
2 116
1 173
0 268
1 183
2 277
0 155
0 206
0 41
1 351
0 21
2 258
0 398
1 108
2 263
2 266
1 203
2 292
2 107
1 212
2 68
0 305
1 148
0 344
1 306
2 306
2 286
1 392
2 375
0 207
1 395
0 375
1 56
2 174
1 28
2 51
0 76
2 317
1 67
1 12
2 157
2 298
0 84
2 328
0 392
1 296
2 208
2 186
1 139
2 25
1 346
0 262
0 32
1 245
0 42
1 71
1 176
2 241
1 261
1 318
1 304
1 241
0 87
0 375
1 387
0 393
2 77
1 355
0 36
1 206
0 58
2 274
1 246
0 93
0 284
0 359
1 225
1 301
2 227
2 138
1 278
0 148
2 386
0 63
0 303
2 98
2 146
2 194
2 88
2 100
2 298
0 162
0 259
0 36
0 340
1 301
1 305
0 174
2 152
1 313
0 106
0 16
1 384
1 244
0 98
2 45
2 3
1 120
1 270
1 349
1 329
1 30
1 298
1 126
0 41
0 105
1 51
0 398
0 330
1 107
0 187
1 24
1 358
1 52
1 298
0 40
1 250
0 63
1 274
1 199
2 227
2 61
2 24
0 311
2 301
0 381
0 170
0 278
0 149
2 357
0 330
2 275
1 68
2 330
2 126
0 255
2 32
2 230
0 374
1 10
2 160
2 363
2 396
1 58
1 171
0 193
0 13
0 282
0 7
1 21
0 341
2 85
2 191
2 29
1 57
0 41
1 29
0 147
0 246
1 170
0 220
2 119
1 31
0 312
0 214
2 169
1 209
1 128
2 169
1 165
1 193
1 44
1 210
1 247
0 394
0 74
1 379
1 47
0 194
2 48
0 292
1 163
0 71
2 101
1 47
1 67
1 71
0 63
2 300
2 336
2 326
0 110
2 203
1 316
2 116
2 6
0 182
1 109
1 60
1 93
0 75
1 347
1 270
0 27
1 319
2 66
1 373
1 152
1 331
0 174
0 34
1 55
1 349
1 68
0 373
1 117
0 320
0 194
1 75
1 361
2 184
0 240
1 201
2 334
0 61
0 180
0 288
1 308
1 398
2 246
2 136
2 21
0 27
1 246
0 35
1 95
1 234
2 375
0 327
2 168
2 18
2 81
2 183
2 143
1 365
2 155
0 351
1 157
2 389
0 79
0 211
1 242
0 109
1 80
0 128
1 24
1 196
0 51
2 94
1 162
0 182
2 160
1 92
2 111
0 320
1 105
0 363
2 176
0 166
1 109
2 104
0 39
2 237
0 279
2 283
0 389
0 357
1 199
0 67
2 130
2 100
1 118
0 182
2 136
2 149
1 240
1 377
2 151
1 368
0 146
1 71
1 317
0 285
0 77
2 26
1 337
0 41
0 188
1 348
2 170
0 170
0 348
1 289
0 361
1 130
0 110
1 243
0 229
0 143
2 79
1 112
0 293
1 72
0 375
0 7
1 116
1 155
0 323
0 163
2 302
2 392
0 94
1 40
2 362
1 228
0 350
2 59
1 94
0 325
0 150
2 214
1 108
2 329
0 14
0 316
2 385
2 328
0 144
2 2
0 149
1 149
0 171
1 343
1 337
2 333
0 201
1 352
2 116
2 340
0 374
1 45
2 166
2 39
2 340
0 18
0 270
1 189
0 374
0 305
2 2
1 398
1 384
2 111
0 233
0 229
1 309
2 167
0 247
1 385
1 246
0 277
0 170
0 158
1 200
0 57
1 301
0 3
2 7
0 386
1 166
1 47
0 89
1 150
2 20
1 124
1 140
0 382
2 69
1 55
2 203
0 69
0 166
0 390
1 186
2 13
2 191
0 27
2 273
1 216
2 312
2 159
0 340
1 361
0 280
0 277
0 127
2 187
2 18
1 65
1 154
0 154
2 137
1 224
0 356
0 303
2 378
0 320
2 203
2 328
0 297
1 167
0 150
2 315
1 132
2 370
2 58
0 229
1 305
0 205
1 93
0 130
0 170
0 391
2 331
2 56
1 124
1 251
2 176
1 42
2 148
0 193
1 137
0 399
0 75
1 302
1 312
0 239
0 82
1 55
0 150
0 241
2 332
0 148
0 259
1 17
0 201
1 213
2 231
1 378
2 17
2 74
2 313
2 11
2 144
0 8
2 176
1 167
0 340
2 217
1 105
1 207
2 44
0 243
2 233
1 180
1 104
1 179
0 168
1 12
2 255
0 205
0 267
2 139
1 287
2 8
2 189
1 298
1 236
1 107
0 364
2 317
0 141
0 84
2 285
0 220
1 114
0 171
2 397
2 189
2 265
1 278
0 13
1 286
1 317
2 316
2 280
1 349
0 329
0 329
1 129
1 356
1 175
0 223
1 37
0 58
2 209
2 355
1 112
1 69
0 235
2 311
0 218
1 136
1 293
0 363
0 214
2 264
2 47
0 161
0 100
1 383
2 155
2 130
2 180
1 296
0 183
1 130
0 67
1 150
2 330
0 382
1 34
1 133
0 333
2 162
0 114
1 341
2 85
0 136
1 270
0 280
0 239
0 56
2 275
1 266
1 319
1 349
2 95
0 33
0 376
1 61
0 340
0 359
0 75
0 290
2 127
1 397
2 180
0 271
0 258
1 259
1 386
1 131
0 290
1 108
1 357
1 357
2 172
2 323
1 12
1 191
1 384
1 104
1 242
2 218
0 113
0 278
0 286
0 180
1 172
2 43
0 57
2 28
1 316
2 76
2 165
2 65
1 56
1 313
2 144
0 398
1 209
2 356
0 285
1 271
0 24
2 186
0 314
1 309
1 165
2 157
2 252
1 79
2 390
2 205
1 124
1 391
2 80
2 28
2 83
2 22
0 214
1 187
0 23
0 358
1 82
0 118
2 338
1 242
2 188
0 64
2 250
0 244
2 2
2 295
0 172
2 191
2 125
2 115
1 74
0 334
1 188
0 89
0 248
2 55
0 377
0 348
1 173
1 158
1 66
0 259
1 369
0 224
0 27
2 241
0 11
1 254
1 228
2 325
0 274
2 113
1 99
0 79
2 254
1 46
2 288
2 158
1 353
2 352
2 319
1 80
2 369
2 129
1 277
0 273
1 35
2 2
0 48
0 4
2 317
0 221
1 352
2 64
2 360
0 285
2 209
2 209
1 298
2 374
1 392
1 326
0 233
2 160
2 9
1 182
2 212
0 132
1 382
1 71
2 210
2 222
0 321
0 197
1 368
1 395
2 19
2 387
1 250
1 133
1 310
2 185
0 318
2 287
2 112
2 244
2 315
0 340
1 96
1 57
0 308
0 25
2 373
0 180
1 160
2 83
0 228
2 193
1 183
0 48
2 40
2 216
2 356
1 191
0 294
1 117
1 299
1 130
2 154
2 96
2 222
1 384
0 46
1 196
1 259
1 124
2 135
2 253
0 97
0 144
2 291
1 194
1 2
2 63
1 233
1 71
0 336
0 104
2 233
2 211
0 143
2 391
2 274
1 368
2 289
0 362
1 372
1 370
2 80
0 130
2 192
1 367
0 256
0 111
0 370
2 182
0 256
1 391
0 19
2 103
2 73
0 89
0 222
0 20
2 93
1 214
2 349
1 14
1 252
0 294
1 46
0 336
2 250
2 34
2 288
1 178
2 202
1 6
0 326
0 325
0 174
1 304
0 320
2 329
1 43
1 395
0 300
2 391
1 259
0 21
1 161
1 108
2 65
0 386
2 138
2 11
2 52
2 36
2 234
2 144
2 189
1 365
0 71
2 239
2 381
1 78
1 58
1 105
0 299
0 113
0 4
0 349
0 39
2 27
2 350
1 148
1 310
0 228
2 70
0 312
0 327
2 193
2 175
2 107
0 389
1 111
2 342
0 48
2 46
0 253
2 246
0 135
1 115
2 138
1 30
0 235
2 40
0 341
1 325
0 287
2 267
2 308
1 58
2 190
0 31
0 99
2 45
1 34
1 195
1 343
1 221
1 182
1 205
0 75
0 171
2 46
0 359
2 247
0 309
0 120
2 80
1 217
0 51
1 282
1 22
1 71
1 4
1 104
1 375
1 339
1 140
2 184
0 339
0 116
1 68
1 189
1 54
0 270
0 257
1 350
2 378
0 122
2 273
1 191
1 3
0 394
1 116
1 241
0 209
2 303
2 193
0 23
1 99
2 352
2 47
2 234
0 324
2 8
1 180
1 47
1 328
0 324
0 220
1 98
0 123
0 304
2 94
2 163
1 221
0 148
2 18
2 292
2 337
2 139
0 98
1 300
0 226
1 69
0 390
1 75
0 169
2 30
1 307
1 55
0 307
1 395
2 185
2 266
0 188
0 240
2 190
1 311
0 365
2 62
2 148
1 69
2 116
0 179
0 290
1 151
1 38
1 122
1 35
2 345
1 392
1 109
1 326
0 198
2 1
1 247
1 396
2 65
0 15
1 135
2 78
2 102
0 32
1 337
0 211
2 289
1 69
2 384
2 18
1 286
0 44
0 166
0 49
1 152
0 74
2 368
1 173
0 265
1 293
1 271
0 86
1 307
1 158
2 148
1 75
0 193
0 167
2 158
1 189
2 280
1 197
1 14
2 318
2 174
1 82
0 316
1 205
1 320
2 116
0 139
1 103
2 308
2 290
0 87
0 376
2 342
1 214
2 144
0 235
2 343
2 363
1 83
1 83
0 132
1 72
2 388
1 202
2 45
0 363
0 172
2 98
0 114
2 70
1 44
2 176
2 221
1 247
2 307
2 307
0 128
2 309
0 154
0 14
1 202
2 330
2 317
0 88
0 340
1 289
2 63
0 371
2 203
1 188
0 149
0 149
2 75
0 393
1 168
0 28
2 384
2 344
2 386
0 333
2 190
1 311
1 287
2 137
0 102
2 200
1 21
2 128
0 7
0 324
1 129
2 145
0 310
0 17
2 122
2 224
2 173
1 166
0 19
2 150
0 228
2 370
1 298
0 344
2 219
2 80
2 220
1 63
0 314
0 28
0 29
1 348
1 387
0 261
0 17
0 126
1 360
0 94
1 194
0 164
0 307
1 361
0 69
0 258
2 103
2 21
0 139
2 333
0 83
1 132
0 205
1 344
1 353
0 24
1 78
1 160
2 32
0 112
0 145
2 85
1 255
0 378
2 73
2 120
1 105
1 255
2 111
1 75
0 239
0 211
2 285
2 300
2 93
0 18
1 380
0 84
1 206
0 230
2 372
2 35
0 203
2 387
2 90
0 377
2 160
1 244
0 160
1 361
1 156
2 89
1 81
1 373
2 234
1 165
1 153
1 285
2 90
2 269
1 334
1 109
0 34
2 139
1 98
0 46
1 79
1 390
1 306
2 46
1 167
1 347
2 11
1 275
0 105
1 281
0 389
2 133
0 342
2 217
0 371
1 294
0 396
2 210
2 249
1 44
0 67
2 335
0 224
1 178
2 355
0 368
2 49
0 369
2 373
1 33
2 50
2 394
0 212
1 349
0 60
2 76
0 384
0 204
1 222
2 138
1 42
0 122
0 208
0 82
1 277
0 125
2 41
0 372
1 324
2 313
2 314
2 111
2 399
2 107
1 298
1 398
2 350
0 31
1 212
0 338
0 226
0 17
2 183
2 120
0 310
0 93
1 22
1 124
0 119
1 244
0 75
1 356
0 363
2 183
1 99
0 265
2 185
2 193
2 270
2 77
1 346
1 6
2 373
0 389
0 359
1 110
0 77
0 60
0 53
1 216
1 364
0 77
1 362
2 119
1 182
1 13
0 365
0 96
2 147
0 31
0 319
1 140
2 206
1 37
1 43
1 10
0 333
0 157
2 354
2 128
1 72
1 265
0 160
2 375
2 47
0 13
2 146
1 362
2 352
2 210
2 250
1 3
1 305
1 79
1 36
1 396
0 348
1 144
0 222
0 15
2 125
0 234
2 180
1 223
0 195
0 128
0 252
0 228
1 289
2 17
2 114
0 32
0 274
1 170
0 295
1 365
0 212
1 291
2 395
0 125
1 147
1 235
2 383
0 156
2 370
1 198
0 186
1 147
0 6
2 157
2 102
0 321
2 321
1 306
2 327
0 108
0 285
2 75
2 6
1 142
2 4
2 61
1 170
1 250
1 125
0 77
1 129
2 141
0 212
0 367
1 79
0 214
2 18
2 232
0 119
2 398
0 313
0 311
0 267
1 258
2 169
2 219
2 333
2 348
1 8
2 284
0 390
0 50
0 387
2 31
0 254
0 228
1 88
1 250
2 301
0 347
0 44
1 368
2 127
2 123
1 232
0 221
1 106
2 230
0 151
1 199
0 289
0 172
2 167
0 332
0 130
2 139
1 46
0 151
1 24
2 308
1 281
0 78
2 398
2 80
1 168
2 155
0 306
2 34
0 348
2 142
0 244
2 252
2 387
0 64
0 277
2 266
1 101
2 145
0 251
1 249
0 105
0 75
0 330
0 84
2 73
1 356
2 106
1 208
0 211
2 103
0 244
2 246
2 312
2 45
1 216
2 181
2 297
1 331
1 363
0 105
0 240
0 354
2 269
1 39
0 35
1 168
2 111
0 224
0 5
2 186
1 162
2 141
0 222
0 286
1 88
2 222
2 53
1 274
2 339
2 2
2 54
1 253
1 183
0 187
1 346
2 8
0 339
1 168
1 221
0 347
2 46
1 237
0 346
0 21
2 24
0 261
0 192
0 242
2 192
0 162
1 2
1 246
2 317
0 103
1 69
0 48
0 221
2 213
1 395
1 54
0 257
2 97
0 30
2 25
1 367
1 359
2 354
1 310
2 220
0 10
2 65
0 3
2 341
1 53
2 51
0 356
2 22
0 356
0 390
2 272
2 167
1 326
0 38
1 392
1 250
0 147
2 60
1 199
0 365
1 339
0 358
2 323
2 347
2 31
2 261
2 296
0 135
1 150
1 59
1 31
2 145
1 223
1 326
0 207
2 274
1 307
1 41
1 213
2 111
1 327
2 147
1 1
2 46
1 55
0 292
0 13
0 261
1 243
1 258
0 79
0 195
2 364
1 217
1 224
2 22
1 300
1 374
2 50
0 51
0 124
2 189
1 380
0 372
1 238
1 272
2 362
0 303
2 302
0 104
0 49
0 278
2 293
1 249
2 272
2 47
2 242
1 133
1 286
0 45
0 335
2 41
2 384
2 224
2 65
2 14
0 53
2 63
2 144
2 288
0 211
2 11
0 171
1 274
0 248
2 181
1 236
1 81
1 166
2 108
1 232
0 343
2 12
0 230
1 317
0 171
0 54
1 180
1 324
0 281
1 373
0 356
1 283
0 31
0 341
1 279
1 259
1 59
2 228
2 27
1 8
1 273
0 378
0 286
2 108
1 76
0 229
0 292
0 69
2 161
0 62
0 185
2 262
1 191
0 133
1 236
1 15
0 202
2 163
0 295
2 255
2 352
0 2
1 196
0 168
2 82
1 396
1 150
1 110
2 349
1 159
1 383
1 294
1 166
0 274
0 328
0 31
2 213
0 126
0 103
2 366
1 124
2 51
2 220
1 216
1 4
2 354
2 149
1 173
2 306
0 375
1 177
0 117
2 38
1 399
1 137
2 325
1 327
2 136
1 137
2 317
1 327
2 128
0 121
2 391
0 348
2 262
0 371
2 115
0 221
0 151
2 80
0 219
0 53
2 155
1 307
0 330
1 343
0 311
0 360
2 91
2 268
2 35
1 331
1 250
1 264
0 111
2 78
2 350
0 285
0 319
1 177
1 27
0 309
2 184
2 240
2 178
0 228
1 348
1 362
1 312
1 199
0 170
2 353
0 7
1 225
2 30
0 177
0 123
0 393
2 355
1 181
1 341
0 346
2 169
2 88
0 134
2 104
2 164
0 24
1 295
1 98
2 252
2 380
2 360
2 281
2 206
0 50
1 72
2 37
1 303
0 321
0 13
0 341
1 83
2 348
2 214
0 301
0 320
2 41
2 255
2 197
0 384
1 208
0 241
1 296
1 370
1 182
2 242
0 160
2 88
0 302
2 154
1 368
0 85
0 355
2 331
1 2
2 398
1 370
1 55
1 384
0 84
1 7
2 288
1 251
2 274
1 278
0 356
1 102
0 256
0 381
1 210
2 102
1 192
0 48
1 338
0 271
0 198
2 347
0 44
1 63
2 351
2 345
2 188
0 350
0 105
2 230
2 314
2 123
0 5
1 353
2 203
1 363
0 102
2 87
1 110
1 64
0 91
0 369
2 58
2 321
1 251
1 77
1 84
1 273
0 370
1 31
1 51
2 173
1 306
1 298
0 10
2 77
0 372
0 378
0 365
2 192
1 52
2 383
1 68
1 224
0 83
1 211
1 249
2 286
1 244
1 171
1 147
1 354
0 293
2 149
1 231
2 77
2 210
0 19
2 315
1 316
2 98
0 132
2 111
0 102
2 203
2 209
2 119
1 69
0 95
1 272
2 160
2 210
2 8
1 248
2 72
1 322
1 290
0 116
0 72
1 356
2 90
1 224
1 328
2 221
0 112
0 349
2 42
1 241
0 387
0 372
0 253
2 228
1 348
2 145
0 162
0 295
1 266
0 60
1 13
2 217
0 374
1 396
0 326
1 65
2 327
0 373
1 331
1 323
2 146
0 300
2 169
1 158
0 315
1 229
2 98
0 53
0 213
0 88
1 287
1 53
1 189
0 394
0 227
2 1
2 385
2 279
1 96
0 190
0 255
0 338
2 65
2 26
2 41
0 17
2 265
0 142
0 95
1 175
2 54
1 294
0 75
1 194
1 212
2 181
0 3
0 20
0 111
0 345
1 158
2 79
0 33
1 77
0 356
1 50
0 26
2 50
0 118
1 272
2 228
0 396
1 173
0 298
2 61
1 35
1 207
0 241
1 333
2 366
2 168
0 300
1 359
2 295
0 194
1 8
0 220
0 252
2 21
1 276
0 394
2 299
1 23
1 40
2 58
0 246
1 22
1 21
2 96
2 59
2 83
0 311
2 70
1 295
0 314
1 171
2 81
0 110
0 211
1 61
2 156
2 95
1 53
0 158
1 31
1 38
0 282
2 16
2 113
2 42
0 82
1 336
1 283
0 266
0 196
2 363
2 233
0 130
2 173
2 34
1 105
0 317
2 21
2 338
0 243
2 160
2 192
0 88
0 142
2 170
2 281
0 291
0 191
0 399
2 308
0 169
0 105
0 399
0 20
2 258
1 317
0 188
0 115
2 185
1 229
2 196
0 89
0 224
2 108
1 244
0 257
0 29
2 100
0 87
0 365
2 382
2 364
1 392
0 46
1 336
2 132
0 385
1 219
1 101
2 34
2 342
2 358
2 252
0 399
2 178
2 284
1 248
1 329
1 328
2 18
1 250
1 396
1 369
1 45
0 142
0 15
0 368
2 55
1 32
0 160
1 19
0 368
1 293
2 107
1 273
0 86
0 273
0 358
1 297
0 312
0 82
2 122
0 301
1 270
2 230
0 142
1 75
0 116
2 9
1 189
2 345
2 6
1 357
2 61
1 367
2 293
0 300
0 99
1 192
2 134
0 399
2 271
0 385
2 42
2 208
1 275
1 107
2 371
0 244
0 318
1 5
1 259
2 227
2 107
0 326
1 42
2 116
2 399
0 299
0 94
0 272
2 261
2 249
1 43
0 264
2 304
2 171
1 174
2 121
2 17
0 121
0 373
1 371
2 336
2 14
0 378
2 1
1 265
1 73
2 342
2 267
1 206
0 11
2 37
0 259
0 179
2 112
1 216
0 125
1 353
1 183
2 25
1 173
2 33
1 196
2 183
0 222
2 102
1 367
1 364
1 191
1 206
2 295
0 385
0 175
2 158
2 271
1 141
0 72
1 289
2 149
0 331
2 60
0 204
0 172
1 254
2 311
0 266
1 83
1 227
1 190
2 215
0 167
2 104
1 130
2 107
2 65
0 250
0 72
0 152
1 222
0 207
1 66
0 340
1 324
1 5
0 152
1 175
2 175
2 158
2 271
1 184
2 303
0 61
2 89
1 218
2 217
0 45
2 98
2 30
0 152
0 136
2 253
2 223
0 189
2 332
0 245
0 396
1 151
0 123
1 268
2 151
0 365
1 367
0 180
2 85
2 31
1 235
2 130
0 311
2 39
1 378
2 360
2 33
0 32
1 351
2 97
0 384
0 298
2 125
0 348
1 11
2 30
1 263
1 303
1 78
2 19
0 226
2 32
1 92
0 15
0 362
0 146
2 173
0 298
2 123
1 107
0 226
1 378
0 295
2 263
2 224
2 30
0 261
0 310
2 124
2 395
0 36
1 34
1 187
2 106
2 179
1 43
0 347
0 94
1 303
2 215
0 239
1 178
0 306
0 54
0 13
0 117
0 191
1 257
2 82
2 287
1 176
2 265
0 352
2 365
1 316
1 383
1 26
1 256
2 250
2 362
1 358
0 311
1 229
1 128
2 132
0 171
2 345
0 31
2 394
2 153
2 177
1 66
1 298
2 135
1 231
0 11
1 176
2 339
0 91
0 316
1 83
0 130
0 123
1 325
0 156
0 27
2 216
0 135
0 15
2 262
1 367
2 35
1 195
2 149
2 41
0 108
0 152
1 151
2 397
0 391
1 156
0 86
2 111
1 86
0 91
2 370
0 220
0 201
0 378
2 300
0 16
0 142
1 244
2 42
1 369
0 394
0 52
0 97
1 302
1 288
2 130
1 52
2 262
1 365
1 203
1 259
1 272
0 386
0 293
0 357
1 62
2 387
0 34
0 275
2 267
1 328
2 21
2 347
2 233
2 124
0 177
2 254
0 384
1 165
2 268
0 141
2 76
0 43
0 214
2 45
0 81
2 77
0 353
0 385
1 335
0 222
0 93
0 161
0 316
2 356
1 50
0 114
0 226
1 234
0 74
2 120
1 251
1 256
1 221
1 390
1 350
1 269
0 288
0 121
1 356
0 388
0 175
0 131
0 259
2 41
2 242
1 88
0 358
2 298
1 184
2 336
1 101
1 178
2 235
2 193
1 376
1 198
1 283
2 152
1 292
1 76
1 354
1 229
2 106
0 92
2 17
0 26
0 233
1 106
0 103
2 260
0 80
0 231
2 386
2 106
2 176
1 15
0 344
1 43
0 371
1 340
2 163
2 105
2 170
1 66
2 110
2 352
1 384
1 154
2 166
1 250
2 42
1 72
2 107
0 36
0 250
2 66
0 342
1 11
0 382
0 385
0 2
2 282
2 120
0 356
2 295
1 227
2 70
2 322
1 15
2 255
1 334
2 278
2 92
2 389
0 364
2 166
2 312
0 350
0 84
2 318
2 112
1 315
1 45
1 358
0 195
1 324
0 135
1 7
1 92
2 301
0 371
0 21
2 115
2 315
1 277
1 178
2 378
0 172
0 329
0 83
0 344
0 254
0 210
1 305
2 257
1 357
1 273
2 112
2 349
0 187
1 261
2 216
1 58
2 263
2 119
2 112
0 353
2 142
1 226
0 65
0 254
0 311
0 399
0 117
2 51
2 175
2 269
2 151
2 380
0 313
0 359
0 162
2 391
2 77
1 352
1 301
1 163
1 334
1 236
0 112
2 354
2 198
1 279
2 150
1 363
0 358
2 89
0 236
0 25
2 297
2 54
1 183
1 11
0 379
1 168
0 133
0 378
2 346
1 280
0 118
1 159
0 167
1 196
0 327
1 315
1 198
2 22
2 186
0 98
1 278
1 257
0 389
1 342
2 94
1 33
1 67
1 287
1 40
0 236
2 304
1 191
0 120
1 83
2 245
1 72
0 48
2 135
0 165
0 373
1 300
0 71
2 197
2 201
1 41
0 203
2 188
2 48
2 206
0 214
0 310
2 174
2 214
2 395
2 386
2 237
2 374
2 255
1 264
0 8
2 92
1 250
2 204
2 189
0 28
0 61
2 287
1 296
0 144
2 80
0 260
2 19
1 223
2 6
0 328
0 392
0 224
1 301
0 141
0 38
1 92
0 107
2 333
0 81
0 295
1 209
1 77
1 389
2 100
2 386
0 8
2 49
1 222
2 258
2 39
2 132
0 395
1 111
2 242
1 7
1 351
1 292
0 43
2 326
1 275
2 171
2 292
1 114
0 169
2 78
1 268
1 338
1 49
0 193
2 240
1 28
1 15
2 220
0 201
1 200
0 60
2 359
2 190
0 67
2 46
1 167
2 353
0 178
0 155
2 292
2 170
2 187
1 240
0 242
0 153
0 118
1 12
0 165
1 151
1 161
1 375
2 110
2 33
2 331
1 258
1 183
0 143
2 213
2 377
0 24
0 97
1 343
0 218
0 310
2 339
0 165
2 397
2 244
0 163
1 218
0 398
0 49
1 371
1 124
2 316
1 79
0 287
0 121
0 131
0 75
0 101
1 385
0 114
1 129
2 5
2 297
0 347
2 144
2 208
2 267
0 14
2 137
2 369
1 8
0 288
0 170
2 320
1 88
0 384
1 310
2 163
1 392
0 154
1 30
2 3
2 86
0 244
1 318
1 80
2 313
2 7
0 357
2 238
0 361
1 262
2 212
0 80
1 136
1 340
1 195
2 64
2 359
2 102
2 121
1 203
0 150
1 117
0 137
2 153
0 178
0 371
2 40
0 195
1 285
1 342
0 79
0 360
0 313
0 316
0 244
0 69
2 328
1 102
0 141
1 164
2 269
1 310
2 187
0 86
0 240
0 152
2 33
0 357
2 175
2 381
0 392
0 14
2 237
0 385
2 369
1 297
1 285
1 149
0 312
1 145
1 261
2 73
2 10
0 241
1 303
1 203
2 273
1 215
0 331
1 88
2 351
2 140
1 192
2 309
0 124
0 258
2 351
2 279
2 359
0 145
1 342
2 158
1 164
2 325
0 174
0 395
0 397
1 362
1 26
2 294
1 325
1 133
2 83
0 237
0 133
2 304
0 329
0 291
0 35
1 188
1 229
1 334
1 319
2 18
2 168
2 93
0 64
1 369
1 239
1 188
2 188
0 47
0 154
2 210
1 155
2 397
2 181
2 211
0 228
1 45
2 140
1 90
1 363
0 351
1 265
1 174
0 232
1 170
2 158
2 175
2 377
1 296
1 105
0 258
2 336
2 329
0 40
0 281
0 78
1 205
2 371
2 396
1 199
1 189
2 146
2 270
0 137
1 281
1 274
1 175
1 42
0 287
0 123
1 85
1 399
2 144
2 269
1 174
0 306
2 26
0 327
2 176
0 61
0 305
2 196
0 145
1 183
0 319
2 200
0 107
1 294
1 170
1 390
2 230
2 307
1 349
1 151
0 297
1 182
1 147
2 281
2 216
0 323
1 371
0 139
0 322
0 328
0 196
2 38
0 215
2 282
1 178
0 289
0 244
0 277
2 49
1 282
1 224
1 399
1 329
1 273
1 172
1 345
2 121
2 393
2 326
2 101
0 307
2 180
1 60
0 142
0 216
0 373
0 229
2 236
1 112
0 11
2 311
2 250
0 337
1 368
1 119
0 368
0 58
1 177
0 205
2 227
0 342
1 62
1 173
2 330
2 8
2 169
2 296
0 351
1 262
2 98
2 388
0 7
0 213
1 164
0 102
2 40
0 191
0 216
2 398
1 250
0 87
0 325
2 38
2 216
2 196
2 281
1 379
2 230
1 72
2 212
1 385
1 218
1 351
0 142
2 180
2 356
1 10
2 249
0 159
0 346
2 380
1 139
2 115
2 153
1 363
2 360
2 216
1 126
1 212
2 118
2 258
0 259
2 357
0 314
0 174
1 70
1 88
1 114
1 178
2 389
1 232
2 90
0 128
1 216
2 82
2 332
2 10
1 207
2 299
0 82
0 382
1 227
0 360
2 273
1 209
1 278
0 213
2 90
2 183
2 281
1 240
1 205
1 5
0 215
2 134
2 376
0 48
1 187
0 146
0 146
2 323
0 396
1 392
0 77
1 391
2 40
1 172
1 81
1 257
2 81
2 192
0 107
1 261
2 248
0 353
2 361
2 19
2 13
0 44
0 186
0 48
1 266
1 71
2 395
2 242
0 318
0 134
0 274
2 318
0 2
2 118
2 148
1 321
1 147
2 250
2 1
2 160
1 117
1 213
0 158
0 189
0 90
2 101
2 317
0 87
2 290
1 282
0 340
1 199
0 169
0 22
1 345
1 36
0 12
1 175
1 304
2 245
2 286
2 357
1 363
0 122
1 249
0 291
1 209
0 277
2 139
2 148
0 80
1 147
0 32
2 260
2 286
0 328
1 50
2 375
0 330
0 267
1 103
1 368
2 248
1 289
2 144
0 71
1 220
1 314
1 140
1 187
0 279
0 197
2 2
1 341
2 270
1 110
2 366
0 284
1 324
1 202
0 211
2 292
0 91
1 282
1 380
0 256
1 184
0 188
1 226
0 117
0 337
1 70
2 305
2 119
1 128
2 297
2 195
1 369
2 395
1 117
2 319
2 236
0 26
0 289
1 153
0 348
0 233
0 394
1 373
0 368
0 35
1 40
1 55
0 116
0 260
1 27
1 204
1 283
1 286
1 82
0 179
0 129
0 50
0 151
0 236
0 124
2 384
1 101
0 172
1 91
0 49
0 211
1 379
0 83
1 268
1 304
0 195
0 60
1 155
1 266
2 330
2 262
2 153
2 354
2 180
0 357
1 163
1 81
1 263
1 8
0 327
2 179
0 343
1 366
0 50
1 90
2 223
2 294
2 315
1 301
0 294
1 322
0 28
0 199
2 166
1 23
0 118
1 216
0 40
1 161
0 17
1 69
1 202
2 216
0 212
0 211
0 376
0 163
0 136
2 294
2 169
2 395
2 119
1 348
1 395
0 247
0 359
2 251
1 279
0 278
0 185
0 197
1 222
2 165
2 322
0 260
0 377
1 378
0 69
2 254
0 37
0 76
2 17
2 157
2 393
0 386
1 124
1 340
2 144
0 304
0 165
1 158
1 22
1 238
0 65
0 154
0 193
1 97
1 156
1 106
1 289
0 329
0 275
2 360
0 375
1 87
1 31
1 283
0 381
0 142
0 212
2 147
0 126
1 215
2 99
2 33
2 13
2 3
2 231
2 308
1 227
2 346
1 239
1 309
1 349
0 266
1 348
0 167
0 258
2 356
2 303
2 345
2 350
2 204
1 310
0 386
1 106
2 394
2 162
2 165
0 355
0 273
2 45
0 377
2 24
2 260
2 322
1 242
2 153
0 54
0 157
0 200
1 372
1 207
1 99
2 246
0 4
0 358
0 161
2 351
1 270
1 110
1 17
2 65
1 397
0 231
1 158
0 18
0 226
1 265
2 197
0 379
1 232
2 248
2 274
1 176
1 11
2 336
0 238
0 195
1 119
0 389
2 58
0 7
2 233
2 208
0 384
1 231
1 126
0 208
2 278
2 144
2 271
0 314
0 81
0 343
1 136
2 76
1 341
0 77
1 354
2 204
2 73
0 155
1 114
2 198
2 347
2 280
1 22
1 327
0 304
2 301
0 204
2 233
1 60
2 319
0 196
0 353
2 159
0 67
2 72
1 265
0 206
1 237
1 339
1 329
1 35
1 283
1 208
0 384
2 28
2 283
1 28
1 92
1 344
1 59
0 24
2 36
1 69
2 57
0 37
2 252
0 216
1 310
0 253
2 292
2 198
1 104
1 12
1 11
2 354
0 373
2 393
0 208
0 280
1 71
2 249
2 388
0 59
2 91
2 193
2 192
2 159
2 216
1 92
1 128
0 296
0 25
2 109
1 352
2 96
0 306
2 346
2 12
0 194
0 316
2 86
0 377
1 5
1 15
0 21
1 143
2 243
1 207
2 399
1 340
0 182
1 41
0 142
0 133
2 155
0 322
1 159
2 85
1 94
0 260
0 242
0 32
0 170
1 37
1 397
2 264
1 223
2 307
2 357
0 300
0 90
1 352
1 122
0 11
1 136
2 329
2 273
2 62
0 199
0 212
1 75
0 375
2 381
2 263
2 322
1 51
0 385
0 259
0 40
2 322
1 141
1 152
0 212
1 58
0 312
2 207
2 346
1 286
2 65
1 267
2 313
2 398
2 320
1 6
2 128
2 135
2 179
2 283
2 101
2 1
0 211
1 2
1 389
2 86
0 38
2 42
2 270
0 249
1 297
1 150
0 181
2 294
2 171
1 349
2 119
2 286
2 158
2 89
1 176
1 203
1 127
1 165
2 284
0 187
1 267
2 207
0 221
0 9
2 280
2 265
2 309
1 329
0 41
0 215
1 192
0 31
2 262
1 314
1 209
0 328
0 38
1 126
1 237
1 251
0 92
0 116
0 268
0 69
2 64
2 126
1 302
1 173
1 351
0 310
1 189
1 238
1 374
2 86
1 98
2 328
1 54
0 191
2 90
1 231
1 143
2 9
0 113
1 209
0 269
0 225
0 359
0 284
2 27
2 145
0 307
0 314
2 117
0 283
1 364
0 359
0 71
2 153
1 149
2 247
0 83
0 77
0 135
2 374
1 331
0 286
1 192
1 199
2 306
0 115
2 196
0 379
1 43
0 49
1 95
2 210
1 368
2 218
0 248
1 265
1 312
1 18
0 353
1 13
1 298
0 131
0 202
0 360
1 242
0 37
2 305
1 113
2 134
2 376
2 124
1 160
0 393
1 139
2 394
1 206
2 279
2 386
0 47
2 327
2 356
2 224
1 210
2 135
2 267
0 325
2 352
0 27
2 263
1 293
1 318
0 150
1 36
1 279
0 84
1 369
0 170
1 302
2 130
0 324
2 148
1 388
0 334
0 47
1 182
2 55
0 39
1 297
0 341
1 155
0 382
0 65
1 317
2 133
0 4
0 45
1 306
0 252
1 49
2 39
1 238
0 330
2 298
1 350
1 5
0 264
2 230
2 140
1 296
2 195
2 329
1 52
1 272
2 76
2 202
0 152
0 208
0 317
0 310
2 346
2 373
1 302
1 140
0 351
0 314
1 337
1 386
2 79
1 292
1 180
0 268
2 135
0 15
0 182
2 319
0 239
2 338
1 97
0 184
0 116
0 195
0 341
1 42
0 41
2 174
1 29
0 154
1 118
1 215
2 93
1 29
2 27
2 74
0 46
1 171
1 356
2 214
2 148
1 318
1 190
0 11
1 135
1 381
1 332
1 153
0 330
1 356
2 149
0 80
1 288
1 355
1 217
1 142
2 27
0 154
1 153
1 36
2 328
0 141
1 214
2 284
1 76
1 102
1 271
1 19
1 34
2 4
1 144
1 215
1 206
2 387
2 134
0 246
0 41
2 322
1 281
1 1
2 48
0 181
2 284
1 78
2 173
0 168
2 227
2 88
0 353
0 391
0 98
1 149
1 225
0 393
0 278
2 62
2 96
1 245
2 42
2 298
1 5
0 132
1 51
1 263
0 293
1 91
2 93
1 130
2 311
0 23
1 118
0 115
1 327
2 195
2 282
0 184
2 160
2 118
1 134
2 214
0 236
2 20
2 145
1 246
0 273
2 245
2 353
2 205
2 320
2 249
1 93
0 90
1 348
1 64
0 188
2 111
0 183
0 352
2 279
1 383
1 68
1 143
0 189
2 301
0 347
1 311
0 184
0 293
0 208
2 215
2 234
2 20
0 56
2 344
2 172
2 87
1 156
1 259
2 178
1 55
0 311
2 166
0 366
0 227
1 16
0 170
1 367
1 267
0 163
1 357
2 138
0 173
2 275
0 239
0 193
2 179
0 259
2 198
1 5
0 1
0 67
1 270
0 361
1 58
0 347
0 59
0 60
1 380
2 264
1 387
0 113
1 161
2 112
2 199
0 384
1 136
0 370
0 86
2 144
1 56
0 159
0 177
1 345
1 154
1 377
1 267
0 307
0 63
0 387
1 135
2 61
2 23
0 277
0 361
0 251
0 112
0 131
2 229
0 46
2 287
0 124
1 114
0 182
1 50
1 38
1 141
0 55
1 129
2 271
0 352
0 108
0 133
1 352
2 315
2 344
1 22
0 356
1 100
1 310
1 308
2 333
0 47
2 213
1 320
0 265
2 207
2 335
2 212
2 302
0 285
1 330
2 315
2 42
0 26
2 164
2 300
0 383
2 87
1 121
0 280
2 279
0 360
1 28
1 103
2 300
2 177
1 294
0 117
2 108
1 288
2 77
1 370
0 134
0 257
1 65
1 242
2 224
1 159
1 374
1 182
2 249
2 104
1 53
1 80
1 363
2 33
0 156
0 101
2 61
2 145
0 95
2 69
2 189
1 171
1 88
2 38
2 312
1 81
2 362
1 126
2 128
1 366
2 162
0 173
1 25
2 347
0 305
0 38
0 244
1 257
2 161
2 269
0 37
2 39
2 110
1 324
1 322
2 120
0 357
2 307
2 211
1 101
0 271
1 210
0 345
0 47
0 362
2 180
2 264
1 397
2 382
2 211
2 213
2 389
1 224
2 152
0 152
1 152
0 390
2 139
2 30
1 42
2 101
1 390
2 40
2 339
0 309
1 326
0 81
2 292
2 214
0 340
2 297
0 389
2 55
0 222
0 313
1 76
0 85
0 378
0 54
2 146
2 68
0 85
1 388
2 54
1 22
2 168
2 87
1 205
1 285
0 225
1 291
2 211
2 367
1 101
0 108
1 383
1 318
0 324
2 46
2 110
0 371
2 385
0 35
1 199
2 218
0 118
0 324
2 86
2 119
1 312
1 32
2 2
2 365
2 257
0 303
2 79
2 244
0 333
2 254
0 199
0 157
2 182
0 246
2 372
2 53
2 191
0 181
1 35
1 119
2 157
0 258
1 297
0 299
1 382
1 363
1 226
0 99
0 201
2 275
1 309
2 59
0 13
1 293
0 385
0 338
1 34
1 378
2 299
2 161
2 32
0 64
1 244
1 266
0 107
1 218
0 70
2 117
0 116
0 129
0 22
0 245
0 264
1 385
1 102
1 46
1 271
0 391
0 270
1 161
2 399
2 393
0 256
0 151
2 119
2 74
1 346
2 196
1 142
1 374
1 328
0 376
1 128
2 315
2 227
0 375
1 56
2 296
2 78
0 283
1 326
2 338
2 275
1 84
0 315
0 260
1 78
1 44
1 206
2 204
0 36
1 259
0 148
1 3
1 202
2 24
0 243
2 2
0 96
0 136
0 144
2 255
1 234
2 26
0 257
1 72
2 9
2 384
1 86
2 382
2 274
0 17
0 366
0 236
0 104
2 73
1 368
2 68
1 226
0 242
0 323
2 376
2 245
2 88
2 349
0 218
1 76
1 340
0 252
1 105
2 149
1 202
0 106
2 320
2 362
1 16
2 77
2 217
2 353
2 252
2 375
0 126
0 304
0 94
1 243
1 112
2 376
2 110
0 183
0 14
1 193
0 32
2 21
1 190
2 154
0 277
0 112
0 181
0 69
2 173
2 74
2 303
0 199
0 133
2 44
1 128
1 175
1 106
1 9
2 171
1 338
0 292
0 51
0 67
0 348
1 31
0 124
2 73
2 347
1 305
2 350
0 227
0 193
2 321
1 230
0 365
1 141
1 219
1 331
2 310
2 126
2 301
1 276
2 172
1 178
0 214
0 110
0 255
2 375
1 106
1 269
0 373
0 328
1 201
1 79
0 140
1 53
0 54
2 15
1 152
1 302
2 321
0 8
1 316
2 352
0 188
1 93
1 231
0 354
0 281
0 143
0 236
1 62
2 125
0 116
2 268
0 242
1 32
1 366
2 233
2 369
0 141
0 182
2 84
1 4
2 169
1 386
0 342
0 295
0 124
0 343
2 29
1 182
0 37
1 8
2 68
2 290
1 39
0 179
0 209
1 88
2 328
0 383
2 122
2 337
1 289
2 237
2 68
0 377
0 168
2 372
1 361
1 44
0 334
1 124
1 5
1 121
2 286
0 204
0 382
1 253
2 24
0 189
0 111
1 194
2 152
1 114
0 30
1 114
2 379
1 107
2 50
1 318
2 331
0 343
2 265
1 184
2 287
2 378
2 140
1 277
2 339
2 5
2 148
0 332
0 356
0 113
0 266
0 341
1 153
2 110
0 82
2 306
2 268
2 367
0 58
1 300
2 236
2 365
2 24
2 112
2 336
1 386
1 254
2 399
0 213
0 26
2 5
2 265
2 216
1 280
2 78
1 271
2 85
1 297
0 134
0 89
0 232
0 273
0 3
2 95
1 381
0 112
2 52
2 258
2 209
1 142
2 319
0 200
0 250
0 113
2 105
1 55
2 276
2 25
2 199
0 96
1 239
1 167
2 183
0 160
2 164
2 279
0 315
0 88
1 175
1 149
2 2
1 217
2 131
1 157
2 361
1 111
1 59
2 92
1 303
1 235
0 153
0 152
0 192
1 233
2 40
2 247
0 185
0 319
2 306
0 245
2 328
2 69
2 235
1 230
1 12
0 206
1 179
2 232
2 197
0 337
1 47
1 279
1 249
1 146
1 274
2 24
1 348
0 190
1 251
0 321
1 85
0 27
1 86
1 234
2 323
1 121
2 356
2 200
1 197
2 361
0 338
2 274
2 76
0 69
2 84
2 189
1 118
1 33
1 74
1 87
2 39
1 365
2 206
1 201
0 112
1 76
0 146
2 335
1 15
0 148
0 395
2 267
0 153
2 317
1 166
0 222
1 211
1 200
0 352
0 21
0 163
0 114
2 47
0 131
0 55
2 159
0 216
0 163
2 326
0 194
0 84
0 296
2 204
0 311
1 97
2 221
1 29
2 168
0 384
2 135
0 177
2 88
2 320
1 362
1 330
1 338
0 173
1 308
2 331
1 133
0 151
2 287
1 289
0 254
2 354
2 312
0 283
2 125
1 250
0 51
1 243
2 195
0 225
0 392
1 322
0 184
0 80
0 253
2 127
0 242
0 97
1 212
2 154
2 184
0 24
1 185
2 225
2 283
0 83
2 206
0 2
2 78
0 62
2 50
1 38
2 269
1 46
0 114
1 19
2 204
0 134
2 309
2 368
1 9
0 68
1 56
0 203
0 150
1 64
1 53
0 91
2 235
1 4
2 336
0 247
1 64
2 130
2 339
0 165
2 150
1 161
1 301
2 337
0 229
0 250
2 102
2 204
2 78
1 285
0 228
0 155
2 114
2 264
0 383
0 1
0 262
1 338
1 127
2 213
2 277
0 239
2 5
0 315
0 250
1 97
0 333
1 370
0 137
1 100
0 263
0 253
0 263
1 288
2 67
0 347
2 165
1 322
1 228
1 252
0 39
2 157
2 201
0 19
2 361
0 59
1 219
2 350
0 103
1 73
1 340
0 114
0 206
0 274
0 274
0 113
2 75
2 284
2 396
2 213
2 21
2 182
1 183
0 322
2 370
2 56
2 16
1 16
1 207
2 255
0 16
2 394
0 237
2 365
1 180
1 191
1 50
2 41
1 106
2 118
0 357
1 387
2 344
0 194
1 293
0 232
2 17
1 399
1 105
2 87
2 143
2 86
1 252
0 25
2 89
1 35
0 316
0 19
1 25
1 12
2 261
1 226
2 71
1 131
1 190
1 60
2 97
1 126
2 270
1 306
2 293
2 5
1 362
0 72
2 236
0 304
0 327
0 375
2 355
0 172
1 325
1 79
0 376
1 370
1 355
2 205
1 217
1 60
1 234
0 166
0 214
0 168
1 200
1 139
1 250
2 301
1 142
2 197
0 185
1 364
1 44
1 389
1 379
0 40
1 180
1 284
2 276
0 135
0 196
2 232
0 185
1 222
2 114
0 46
2 187
0 40
1 180
0 92
1 79
0 373
1 338
1 252
1 310
2 290
0 261
0 153
0 256
2 373
2 395
0 270
1 29
2 15
1 338
0 369
0 238
2 276
1 201
0 390
0 116
2 218
2 4
2 24
1 347
2 231
2 16
0 126
0 11
1 253
2 246
1 366
0 166
1 261
2 370
1 79
0 132
2 63
1 268
0 396
1 83
1 158
0 328
2 142
2 23
2 287
2 218
1 353
2 95
1 350
0 66
0 151
1 325
1 334
1 300
2 8
2 158
1 80
0 49
1 24
0 217
2 340
0 164
2 19
1 108
2 324
1 398
0 371
2 289
2 117
1 236
0 172
2 290
1 80
2 73
0 10
2 16
2 325
1 242
2 39
2 313
2 125
2 39
0 235
2 3
2 118
1 77
2 233
2 141
2 304
1 17
2 104
0 262
0 211
0 372
1 56
2 213
1 198
1 276
0 181
2 385
2 117
0 188
2 28
2 262
2 143
2 246
1 311
0 275
0 213
1 372
2 134
1 49
2 39
2 364
1 203
2 118
2 12
2 269
0 235
0 371
2 11
1 224
2 325
0 44
1 348
0 8
0 202
0 14
1 380
2 59
1 328
1 103
2 83
2 378
2 104
2 294
0 168
0 36
0 219
0 232
1 95
1 250
2 296
1 136
2 243
1 61
1 371
1 111
0 136
0 370
1 40
1 353
1 384
2 300
1 67
0 371
1 372
1 58
2 86
1 145
2 389
1 100
2 368
1 15
0 299
2 343
2 251
2 146
1 284
0 40
2 180
0 113
1 234
1 21
2 365
1 248
2 370
2 315
2 158
2 43
0 315
2 396
1 282
1 3
1 189
0 118
2 54
1 121
2 2
1 207
2 306
0 321
2 4
1 215
1 166
1 219
0 243
1 247
0 357
1 291
1 291
0 115
2 239
1 233
1 376
0 207
2 96
0 160
0 364
2 261
0 232
0 211
0 296
0 201
1 308
0 1
1 102
0 145
2 350
2 181
2 18
2 210
0 116
2 211
0 343
0 210
1 154
0 252
0 80
0 303
2 147
2 187
1 19
2 189
2 309
2 295
2 358
0 39
0 75
1 155
0 323
2 195
0 385
0 126
0 101
0 53
1 333
1 96
2 172
2 321
0 255
1 7
1 322
0 289
2 295
0 15
1 10
1 295
2 256
0 61
2 51
0 205
2 353
2 336
0 186
1 205
0 75
1 255
2 258
1 393
1 189
0 371
1 217
1 194
0 287
1 31
2 368
1 323
2 137
1 47
2 118
1 363
1 65
1 189
2 363
1 76
1 190
0 352
0 313
1 82
1 2
0 140
2 348
0 291
0 322
2 7
0 190
2 232
1 189
0 177
1 203
1 305
2 299
1 2
1 4
0 15
0 195
1 375
1 217
2 229
1 205
1 179
2 206
0 250
2 32
0 147
1 279
0 228
1 309
1 391
2 312
0 318
0 160
2 251
2 161
0 117
2 315
2 361
0 305
1 115
2 238
1 171
0 314
2 295
1 228
2 138
1 292
0 247
0 350
0 31
0 178
1 77
0 42
0 214
2 249
2 284
0 191
0 204
0 55
0 329
2 385
0 23
2 124
2 331
0 367
2 185
1 108
1 238
1 299
0 98
1 381
2 235
1 39
0 278
0 138
1 375
0 274
2 2
2 267
2 72
1 294
1 378
0 118
1 153
0 268
1 165
1 233
2 23
2 39
2 364
1 108
2 300
2 337
2 380
1 235
0 38
0 308
0 132
0 233
2 43
0 135
1 351
2 206
2 238
1 273
1 22
2 142
2 363
0 223
2 283
0 395
2 188
2 337
2 329
1 204
2 272
2 179
1 305
2 197
1 230
0 345
1 52
0 172
0 167
2 358
0 54
2 370
1 258
2 161
1 79
2 159
2 302
2 175
1 322
2 351
1 42
2 4
0 384
1 108
1 171
0 201
1 21
1 67
2 81
1 66
1 192
1 111
0 163
2 303
0 258
1 238
2 152
1 393
1 17
0 288
1 167
0 13
1 261
0 66
2 307
0 102
0 355
1 195
0 99
0 203
2 352
0 256
0 282
1 240
2 350
0 87
0 218
0 304
0 179
2 22
0 101
0 186
0 335
2 174
0 79
2 389
0 19
1 135
2 95
2 199
0 104
2 162
2 384
0 2
1 37
0 249
1 145
0 193
0 16
2 114
0 343
0 125
2 348
1 262
0 235
0 87
2 345
1 260
2 315
1 93
2 284
2 88
0 376
2 110
2 247
1 87
1 325
1 152
2 72
0 316
2 75
0 246
0 251
0 349
1 368
0 117
1 383
1 282
2 86
2 351
2 214
0 123
1 251
2 14
2 289
2 230
2 331
0 382
1 183
2 349
1 373
0 4
2 271
2 315
2 277
2 289
0 306
0 231
1 286
1 80
1 173
2 138
0 386
0 288
1 53
1 320
0 303
2 381
1 209
2 131
0 164
0 177
0 31
0 227
2 251
2 93
0 218
1 130
1 351
0 373
0 255
2 29
1 217
0 331
0 307
0 112
0 81
2 142
0 296
2 30
1 277
0 173
0 352
2 298
2 320
2 307
1 165
2 333
2 346
1 9
1 326
0 325
0 10
0 120
2 36
1 53
2 270
1 8
1 128
2 126
0 178
0 224
2 369
1 325
2 21
2 169
2 55
0 354
0 161
0 369
1 223
0 109
0 248
0 316
2 23
0 25
1 76
1 143
0 5
0 360
0 3
0 372
0 223
2 122
2 2
0 180
1 114
2 318
2 6
1 338
0 277
2 228
2 211
2 397
1 39
2 241
0 88
1 99
2 141
1 294
1 311
0 367
0 364
2 386
2 121
2 397
2 287
1 350
0 196
2 313
1 306
1 276
2 367
2 305
0 194
1 251
0 274
1 130
1 106
0 208
1 42
1 225
2 32
1 28
1 124
2 63
0 95
2 25
0 313
2 171
0 129
0 213
0 242
2 242
2 61
0 174
0 255
2 31
2 174
0 115
2 398
1 328
0 117
2 156
0 282
2 138
0 350
2 16
1 295
1 140
2 306
2 58
1 312
0 50
0 147
1 384
1 341
2 239
0 265
2 89
1 322
1 160
2 178
1 65
0 33
1 29
2 118
0 101
0 175
1 117
2 314
0 66
1 14
2 314
2 299
0 28
1 229
1 95
0 362
1 81
2 362
0 333
0 195
0 110
2 185
1 290
0 327
2 355
2 261
2 221
1 272
1 383
0 36
0 108
2 237
1 393
1 297
2 279
0 361
2 63
1 216
2 246
1 309
1 85
1 70
2 331
2 154
2 43
1 392
1 188
1 338
1 29
1 108
2 328
0 297
2 215
0 344
0 256
1 262
2 24
2 246
2 273
2 270
2 189
1 66
2 91
0 158
0 241
1 27
1 334
2 161
1 37
0 210
2 357
0 234
2 4
0 336
2 80
1 193
2 69
1 246
1 263
0 279
0 268
2 273
1 230
0 351
1 138
1 160
0 233
2 78
1 73
0 114
1 221
2 22
2 166
2 49
0 271
2 133
1 233
0 341
0 41
2 329
1 55
0 275
2 82
2 126
1 366
1 307
1 147
2 76
2 196
0 340
0 53
0 206
2 81
1 348
0 41
2 300
0 366
1 383
0 127
0 204
0 348
0 280
0 40
2 8
1 81
2 303
0 22
0 19
0 256
2 223
2 245
0 392
1 298
2 261
0 86
0 119
0 176
2 130
1 354
1 53
0 85
2 169
0 65
1 209
2 155
0 218
0 156
1 212
0 187
0 80
2 138
1 306
2 198
0 131
1 172
1 188
1 139
2 364
1 144
1 124
2 206
2 299
2 152
0 17
2 185
0 210
2 296
0 237
0 152
2 246
2 151
0 181
2 391
1 93
1 318
1 36
0 158
2 87
2 46
0 248
1 201
0 153
0 175
2 191
2 358
0 251
0 73
0 398
0 178
0 201
0 307
1 221
0 170
2 374
1 13
1 46
1 280
1 311
0 189
0 380
1 141
1 256
1 263
1 278
0 345
0 138
1 314
2 317
0 266
2 300
2 114
2 93
2 145
0 48
2 106
0 81
1 260
2 60
0 191
2 165
1 16
2 389
2 261
2 16
0 198
2 7
2 262
0 305
0 103
2 340
1 382
0 54
1 357
0 366
1 51
0 286
0 35
2 396
2 182
0 25
2 327
0 292
1 130
1 196
1 152
1 41
1 158
0 376
0 208
2 264
1 76
1 325
0 26
2 7
1 334
0 189
1 62
0 52
1 279
1 24
0 384
0 165
1 158
1 257
2 84
0 224
1 272
1 270
2 71
2 106
0 308
2 266
2 375
2 161
1 166
1 285
1 249
0 292
0 191
1 372
2 271
1 35
1 345
2 41
0 182
1 21
0 40
2 60
0 205
1 270
2 6
1 121
1 205
0 261
2 162
1 271
0 31
2 176
2 210
1 392
2 362
0 82
0 300
1 18
0 361
2 77
2 43
1 221
1 210
0 243
2 316
0 5
2 20
1 322
1 397
2 221
2 327
2 363
1 45
2 333
0 268
0 372
2 207
1 159
0 276
0 388
1 116
2 138
1 174
0 364
1 374
1 132
2 90
0 129
1 76
0 139
2 72
0 255
2 306
0 296
1 16
2 374
0 277
0 267
0 173
1 221
1 18
2 48
0 49
1 241
0 238
2 69
2 92
2 189
2 338
0 180
2 368
1 87
1 266
2 296
0 185
0 186
1 71
1 310
0 10
1 243
1 132
2 157
1 236
2 222
1 30
0 129
2 156
1 244
0 168
1 62
2 257
1 156
2 81
0 46
0 218
2 337
2 200
0 173
0 39
2 210
0 396
2 67
1 153
2 175
2 51
1 274
2 85
0 235
1 97
2 255
2 170
1 263
2 285
0 6
2 31
1 391
0 154
0 180
2 369
2 229
0 191
0 327
2 133
1 41
1 43
2 144
1 87
0 182
2 43
1 296
0 4
2 101
1 346
2 66
2 235
2 335
0 397
1 301
0 24
2 359
0 237
0 278
2 110
0 296
1 248
1 225
1 81
2 10
0 206
0 342
0 368
2 67
2 140
2 96
1 309
0 230
1 159
0 71
2 169
2 20
0 160
1 269
1 171
2 267
2 353
1 17
2 88
0 288
1 51
2 391
2 40
1 107
1 330
1 66
0 146
0 118
2 330
2 146
0 265
0 78
1 224
0 141
2 177
0 139
1 13
0 187
0 351
2 250
2 72
2 382
1 1
0 123
2 87
2 33
2 282
0 171
0 204
2 18
2 340
1 209
2 286
2 5
1 290
1 121
2 169
0 179
1 204
2 102
2 171
1 243
0 244
0 160
0 325
1 30
1 333
1 218
1 235
1 59
0 77
1 87
1 283
1 17
0 168
0 376
2 252
1 391
0 233
1 144
1 328
1 25
1 12
1 82
1 66
1 371
1 320
0 389
1 324
0 289
0 124
1 30
2 86
0 72
2 172
1 79
0 388
0 362
2 346
0 246
0 186
1 155
0 275
1 309
1 151
1 291
2 65
2 250
1 342
2 70
0 137
1 215
0 251
1 125
1 223
2 209
0 188
2 115
0 109
0 263
1 222
1 135
2 75
2 37
0 306
0 131
0 254
2 168
0 124
2 301
2 264
0 356
0 76
0 116
1 95
2 45
2 133
1 204
1 164
1 224
0 347
2 114
1 301
2 306
0 175
1 372
0 318
2 92
2 399
1 179
0 187
1 12
2 3
1 127
1 56
2 237
0 305
2 204
1 232
0 231
0 317
1 47
1 132
1 230
0 346
0 225
0 232
1 53
1 52
1 1
0 131
1 109
0 187
2 242
0 23
0 27
2 276
0 175
0 211
0 139
1 14
2 290
1 200
2 80
1 123
0 358
1 317
0 289
0 380
0 124
0 205
1 342
0 222
0 89
0 123
1 190
1 192
0 382
2 24
0 243
1 142
1 1
0 269
2 164
1 22
2 251
1 38
1 307
1 311
2 293
0 224
0 171
0 163
1 8
1 215
1 333
2 53
2 17
2 223
1 170
1 68
0 70
0 215
2 365
0 372
1 161
1 341
2 212
0 86
1 291
2 71
1 258
0 158
2 45
2 55
1 225
0 236
2 229
0 271
1 179
1 53
2 41
2 272
1 99
2 73
2 258
1 215
0 267
2 389
2 353
0 127
1 168
2 73
2 15
2 191
1 189
1 133
1 236
0 83
2 362
1 324
1 300
1 335
1 112
2 80
0 369
1 243
1 169
2 134
1 261
2 376
0 167
0 280
0 115
2 338
0 119
1 296
0 3
1 186
0 157
1 179
0 72
0 264
1 338
2 25
1 322
0 249
0 110
0 94
1 92
0 301
1 294
1 230
2 29
0 11
1 282
1 311
2 211
1 195
1 173
1 349
0 219
1 185
2 328
2 154
0 310
0 231
1 252
0 101
2 77
0 66
2 300
2 312
0 153
0 261
2 326
1 21
1 9
1 75
2 84
1 357
2 284
1 198
1 248
2 17
2 11
0 284
2 61
1 23
1 304
2 139
1 94
1 375
0 365
0 40
0 279
2 44
1 184
1 299
0 141
2 358
1 399
1 63
0 39
0 273
2 368
0 173
0 172
1 164
1 198
1 187
0 200
1 240
2 72
1 18
1 56
2 364
0 218
0 116
1 111
2 200
0 2
2 141
1 121
2 310
2 109
0 396
2 328
1 293
2 376
2 212
0 287
1 88
0 203
1 363
2 192
1 392
1 136
0 365
1 39
2 176
1 373
1 56
2 9
2 301
2 260
0 18
1 290
0 253
0 307
1 6
0 379
2 292
0 132
1 373
1 135
1 317
0 321
2 10
2 322
2 314
1 25
2 330
2 36
1 8
2 1
0 43
2 12
2 97
1 193
0 313
2 219
1 37
1 203
0 69
0 357
2 308
2 314
1 297
2 24
2 294
0 317
2 5
2 272
0 73
0 172
2 394
2 216
0 130
0 77
1 145
0 182
0 17
0 291
2 48
2 219
2 338
1 279
2 66
1 45
1 218
1 124
1 207
2 242
2 358
2 135
0 352
2 156
2 14
0 283
0 361
0 3
2 238
2 243
2 33
2 42
1 106
1 62
2 104
2 249
0 222
2 166
1 301
2 144
2 369
0 375
2 130
2 231
2 259
0 272
2 363
2 141
0 78
1 381
1 107
1 244
2 214
0 104
0 332
1 30
2 275
0 233
0 382
0 373
1 140
1 133
0 158
2 173
1 77
1 17
1 383
1 112
1 271
1 313
1 64
2 106
2 347
2 344
2 4
2 171
1 164
2 247
2 177
0 158
1 173
1 37
1 36
1 354
2 364
2 111
0 210
1 366
1 156
2 87
1 229
1 303
2 161
1 314
2 169
0 191
2 246
1 99
2 376
0 189
2 321
2 368
0 118
2 288
2 245
2 34
0 233
2 67
2 87
2 331
1 54
0 198
2 351
2 182
2 349
2 268
2 271
1 2
2 172
2 263
0 264
2 92
0 234
1 91
2 141
0 177
1 145
2 95
0 271
2 24
1 247
2 92
0 129
0 109
2 382
2 318
1 268
0 343
0 170
0 24
2 56
1 105
1 175
1 296
0 76
2 267
2 211
2 42
2 51
1 241
0 122
1 279
2 170
1 94
2 256
0 249
2 318
2 112
0 153
0 140
1 327
0 152
1 364
1 79
0 344
2 49
0 80
2 57
1 150
1 189
0 267
0 318
1 392
0 279
1 39
0 374
2 26
0 105
2 319
1 6
1 104
0 329
1 382
2 34
0 137
1 140
0 260
0 189
1 88
0 398
0 87
2 92
0 99
1 102
0 380
0 282
0 163
1 269
1 199
2 278
2 124
0 339
2 76
0 236
1 197
1 289
2 207
2 395
2 178
0 325
1 205
1 243
2 20
0 114
1 15
2 154
1 10
0 121
0 222
2 248
0 191
1 302
2 119
2 304
2 394
1 55
1 38
2 168
0 11
2 276
0 274
0 163
2 124
2 368
2 241
1 364
0 353
1 31
0 163
2 368
1 165
0 358
1 321
0 259
2 9
1 356
2 166
0 165
2 3
1 235
1 350
1 276
2 66
2 376
1 242
2 386
0 367
2 209
2 72
0 221
0 203
1 361
2 297
0 258
2 260
0 144
1 293
0 115
2 326
0 187
1 36
1 175
0 119
2 291
1 52
0 270
1 290
1 224
1 358
0 88
1 176
1 30
0 251
1 27
1 235
1 346
2 387
0 273
0 105
1 297
1 276
1 12
1 398
1 354
2 317
0 176
0 273
1 161
0 350
1 303
1 2
1 56
2 371
2 96
0 93
2 233
2 161
1 136
1 80
0 117
2 133
2 90
0 99
1 131
0 39
0 234
0 284
2 30
1 219
0 332
2 118
1 281
2 10
0 38
0 108
1 87
1 48
1 247
1 28
2 195
0 13
0 106
2 320
1 153
1 260
0 51
2 250
2 256
1 349
2 350
0 50
0 298
0 213
1 243
1 124
0 305
1 68
0 34
2 146
1 126
0 272
1 383
0 109
1 382
0 135
2 116
1 369
0 281
1 160
0 22
2 162
2 20
1 338
0 216
0 239
2 91
0 119
0 233
1 314
1 286
0 149
0 234
0 17
0 300
1 238
2 60
2 248
0 228
1 132
0 271
2 387
2 83
0 37
2 334
2 133
1 1
2 223
1 399
1 349
2 18
1 220
0 186
0 156
0 256
2 60
0 260
0 90
2 153
0 259
0 77
2 308
0 273
0 312
2 372
1 171
2 49
2 67
1 61
1 249
2 112
2 44
2 355
0 314
0 258
1 197
2 166
0 13
0 237
2 310
1 186
0 200
1 74
2 69
1 90
2 50
1 228
0 173
1 225
0 292
0 262
0 19
0 194
0 66
0 357
2 242
1 59
0 378
0 308
0 265
2 365
2 200
1 8
2 376
1 61
2 317
2 358
2 349
1 368
0 184
2 392
0 69
0 68
0 183
2 94
0 375
0 363
1 253
2 148
1 205
1 98
0 131
0 59
0 208
0 96
2 351
0 19
0 139
0 68
2 64
1 369
0 221
2 214
0 304
2 302
0 171
0 231
2 57
2 381
1 315
0 258
2 166
2 288
2 363
2 226
0 117
1 66
2 129
2 11
0 241
2 142
0 313
2 313
2 261
2 236
1 372
0 45
1 370
2 44
2 287
2 359
0 66
0 341
1 304
2 228
1 264
2 157
1 342
0 148
1 365
2 381
2 78
0 77
0 357
0 380
1 389
2 249
0 364
1 250
2 141
0 14
0 49
1 183
2 241
2 195
1 315
1 144
2 201
1 41
1 339
0 5
2 360
1 384
2 44
1 194
1 313
1 190
2 378
2 353
1 303
1 25
1 324
1 211
0 388
1 285
2 271
2 257
1 142
1 157
1 77
2 370
2 158
1 352
1 133
2 354
0 55
2 254
2 148
0 105
1 316
2 66
1 279
2 20
0 165
1 207
1 127
1 233
2 337
1 21
0 92
2 105
1 354
2 126
0 25
1 240
2 220
2 128
0 229
1 121
2 323
2 237
0 105
0 335
0 256
2 111
2 331
1 95
2 175
1 388
1 51
1 139
2 135
1 370
2 13
0 358
2 19
1 386
0 265
2 164
0 278
2 69
1 90
1 95
1 382
0 64
0 312
1 304
0 69
2 11
0 365
2 18
2 165
0 107
0 327
2 151
1 146
1 14
1 382
0 101
2 192
1 398
0 366
2 151
0 177
1 117
1 131
1 127
2 139
1 325
0 105
0 271
1 295
2 86
2 393
1 242
1 350
1 289
2 143
0 351
2 201
0 64
2 202
1 227
2 25
1 8
0 228
2 380
0 164
0 1
1 252
1 343
1 83
1 119
1 272
0 146
0 138
1 5
2 399
1 282
0 384
2 154
1 169
1 335
2 200
2 92
0 177
0 254
1 267
2 86
1 43
1 212
1 42
1 121
0 49
0 66
0 292
1 245
0 354
1 394
1 115
0 206
2 120
0 152
2 33
1 126
0 71
2 255
0 154
2 153
1 378
1 236
2 39
0 330
2 260
2 147
2 11
2 267
0 13
0 117
0 257
1 120
2 180
2 40
2 351
1 137
2 12
2 199
0 54
0 44
2 55
1 289
0 143
1 195
1 176
2 201
0 154
2 361
2 297
0 268
1 194
0 178
1 378
2 256
0 107
2 347
1 90
1 227
1 393
0 388
1 333
1 204
0 111
1 23
0 168
2 256
2 296
0 167
2 11
0 308
0 322
1 280
0 92
0 245
0 129
1 256
0 23
0 151
1 227
1 142
2 64
2 356
2 32
0 234
0 146
1 160
0 397
0 81
0 147
2 176
2 159
0 337
1 93
0 316
2 260
0 314
2 56
2 283
0 393
0 130
1 260
2 208
1 329
2 347
0 214
0 351
2 156
2 155
1 376
0 168
1 128
0 161
1 351
0 270
2 161
2 84
0 289
2 279
1 180
1 295
2 350
1 366
0 135
0 354
0 191
0 347
2 203
0 103
1 152
2 99
2 372
1 334
1 75
1 82
1 41
2 248
2 223
1 98
2 335
0 69
0 173
0 46
2 125
1 130
2 121
1 190
0 13
0 356
0 339
0 341
2 15
1 371
1 5
0 195
2 120
1 68
2 280
0 268
0 262
2 282
2 228
0 77
1 197
0 328
1 72
2 117
0 60
0 324
0 158
0 6
2 383
0 171
1 186
0 269
0 38
1 31
1 224
0 107
0 141
0 158
1 304
2 299
2 363
1 30
0 342
0 398
2 108
1 190
2 208
0 341
1 211
2 112
0 81
1 56
1 254
1 35
1 89
2 124
0 158
1 173
0 187
1 27
2 339
1 189
1 275
0 392
0 104
0 121
1 324
1 6
1 390
0 337
0 374
0 132
0 214
2 232
0 75
1 296
0 75
0 161
2 216
1 37
2 258
1 103
1 334
0 361
2 150
2 5
0 359
1 257
1 40
0 174
0 347
0 128
0 155
2 372
2 43
0 290
2 166
2 84
0 102
0 25
1 343
0 376
2 165
1 76
1 322
1 318
2 320
0 292
0 334
1 47
2 273
2 277
0 329
2 138
0 6
1 283
2 191
1 252
2 94
2 160
0 178
0 286
0 123
1 174
0 43
1 33
2 157
2 353
0 270
0 118
2 254
0 224
0 261
0 2
2 5
1 370
1 238
1 281
2 35
0 18
0 275
0 391
0 360
2 118
1 38
1 106
2 236
2 337
0 6
2 52
0 99
0 192
2 278
0 297
2 128
2 388
0 365
2 35
2 326
1 156
2 386
1 256
1 191
1 319
1 132
2 206
1 391
2 168
2 72
0 182
1 380
1 203
2 151
1 271
0 389
0 41
2 288
2 198
0 90
0 276
1 88
0 53
0 81
1 349
1 286
0 351
1 301
1 213
0 391
0 130
2 112
1 357
2 67
1 79
1 273
2 378
2 37
0 41
0 252
2 269
1 121
1 5
0 375
1 75
2 301
1 347
0 374
2 13
0 60
0 199
2 46
1 293
0 209
2 200
0 323
0 199
0 290
1 67
1 21
1 232
2 346
1 334
2 85
2 363
1 38
1 77
0 339
2 167
1 303
2 210
1 36
0 270
2 212
2 192
1 79
0 155
0 204
0 346
2 37
2 33
0 72
0 158
0 80
2 160
2 291
2 209
2 378
0 254
1 18
0 24
0 71
1 122
2 268
0 164
2 377
1 379
0 306
1 61
2 63
1 369
2 190
1 281
1 259
1 359
2 181
2 372
1 162
0 128
0 161
2 335
1 89
2 189
2 53
1 381
0 70
2 69
1 130
2 29
2 85
2 264
1 371
1 118
1 329
1 165
0 137
0 230
1 15
0 220
0 268
1 182
2 151
1 197
2 200
1 269
2 214
0 149
1 369
2 319
2 112
0 389
1 184
1 74
1 238
2 266
0 94
0 43
1 298
1 126
0 67
2 382
2 127
0 66
0 398
2 394
0 69
2 359
1 203
0 52
0 326
2 146
0 366
1 265
1 29
2 363
0 385
2 375
0 77
0 208
0 27
1 185
0 186
1 347
2 178
2 30
0 317
1 124
2 363
2 148
2 379
0 88
2 56
0 77
0 105
2 207
0 88
2 225
2 136
1 263
2 172
2 18
0 67
1 371
0 131
0 23
0 230
0 76
2 173
1 19
2 38
1 9
0 217
1 1
2 7
1 266
1 156
2 267
1 26
1 254
1 358
2 266
1 387
2 75
1 94
0 38
0 317
0 258
1 280
1 87
2 123
2 65
2 237
2 102
1 170
2 19
0 233
2 316
1 226
2 380
2 84
0 52
0 65
2 136
2 168
1 230
2 176
2 169
0 226
2 276
2 227
2 125
0 180
0 279
0 33
1 326
0 278
2 118
2 287
1 287
0 76
0 345
1 13
0 265
1 384
1 235
1 37
2 271
1 2
1 223
0 11
1 150
2 127
2 232
0 122
0 69
1 236
0 49
1 127
2 89
0 56
2 323
0 284
1 309
2 345
0 319
2 281
0 246
0 337
0 22
0 197
0 257
0 104
2 282
1 220
2 342
2 294
1 367
1 61
2 64
0 10
2 363
2 53
1 299
2 287
2 50
0 12
2 117
0 212
2 346
0 369
2 307
1 155
2 43
1 152
0 222
1 89
1 52
1 394
2 131
2 271
1 364
2 86
0 397
2 81
2 329
0 232
1 314
2 111
2 202
1 63
0 23
1 209
0 292
1 25
0 85
2 203
0 177
2 132
1 187
1 117
0 262
2 352
1 335
0 133
1 324
1 162
2 346
2 22
1 175
0 260
1 341
0 310
0 352
0 292
1 254
0 255
0 358
1 292
2 269
0 32
1 220
1 142
1 165
1 4
2 209
1 201
1 327
0 268
2 154
1 20
0 169
2 124
0 81
0 22
2 41
0 145
1 247
2 27
0 49
0 353
1 294
1 8
1 266
2 102
0 35
0 27
1 395
1 331
0 166
2 28
1 7
1 67
1 58
0 267
0 123
1 364
0 375
2 239
1 247
2 261
2 63
2 86
0 38
0 135
1 370
1 11
2 334
0 231
2 170
0 98
2 319
0 310
2 34
1 136
2 91
2 162
1 284
1 211
2 266
2 126
1 109
1 213
0 214
0 34
2 143
0 277
0 194
1 356
1 336
0 108
0 89
2 180
2 119
2 294
2 337
0 220
0 156
0 88
2 78
0 353
1 253
1 283
0 18
1 275
2 331
2 381
0 253
1 391
2 152
2 355
0 305
1 135
0 210
1 30
2 343
2 109
1 213
2 244
1 231
0 185
1 102
1 182
2 327
1 326
0 59
2 168
2 59
2 25
2 125
0 156
0 37
1 266
1 256
0 81
0 230
1 249
2 33
0 287
2 205
1 39
1 96
1 228
1 110
1 23
1 305
1 303
2 43
1 193
2 280
2 385
0 140
1 42
1 266
2 131
0 143
1 335
1 376
1 393
0 15
0 320
2 193
1 263
1 393
0 134
2 329
0 382
0 354
0 240
1 353
2 293
0 141
1 335
0 391
2 204
0 343
0 326
1 348
1 372
2 245
0 215
1 226
1 242
1 222
0 2
1 54
2 272
1 123
1 312
0 136
0 120
0 241
0 217
1 235
1 132
0 296
2 254
0 144
0 303
2 179
2 142
1 200
0 28
2 222
2 37
2 57
1 39
2 202
1 87
0 46
1 118
2 165
2 64
2 69
2 274
1 272
0 80
0 31
0 394
1 48
0 210
0 187
1 1
2 105
0 28
1 306
1 91
0 117
1 378
1 122
1 33
2 269
0 65
2 220
0 151
2 91
2 371
2 210
2 267
2 60
2 65
2 41
1 37
1 310
0 343
0 268
2 25
1 89
0 37
2 149
1 177
1 149
1 117
2 121
2 274
1 279
2 147
2 94
1 78
0 199
0 35
0 397
0 205
0 149
1 396
2 30
1 137
1 322
1 138
0 238
0 224
0 350
2 38
0 154
0 48
2 136
0 21
1 141
1 220
2 68
1 187
0 389
2 275
2 177
0 354
0 26
1 132
2 149
1 21
2 283
0 256
0 149
2 153
2 102
2 180
1 190
2 266
1 289
1 91
0 154
0 81
1 223
1 156
2 380
1 275
1 243
0 284
2 8
0 283
0 11
0 278
1 29
1 379
2 285
0 384
0 115
0 219
2 277
2 311
1 150
1 122
2 317
0 386
2 44
2 35
0 332
2 254
2 57
1 280
2 303
1 380
0 330
1 357
1 174
2 66
2 55
1 318
2 194
2 296
1 174
2 291
0 243
1 68
2 378
2 242
2 212
1 299
1 23
1 350
1 125
0 120
1 205
0 151
2 342
0 237
0 377
0 223
1 274
2 121
1 238
2 134
0 186
0 193
1 290
1 4
0 161
0 194
2 162
2 365
0 392
1 221
2 331
0 191
1 334
2 58
1 275
1 223
0 226
0 268
0 160
2 132
2 396
2 286
1 271
1 263
1 54
0 234
2 129
0 190
0 337
1 236
1 40
0 273
1 75
1 381
1 14
0 155
0 40
0 169
2 292
0 175
2 117
0 330
1 35
0 308
2 367
1 185
0 202
0 272
2 200
1 111
1 367
1 224
0 307
2 318
1 25
0 145
1 102
0 385
1 195
2 110
1 38
2 169
1 353
0 118
1 295
1 367
1 95
1 269
0 184
1 201
1 280
2 348
2 21
2 120
1 228
1 377
1 123
1 107
0 187
1 229
0 54
1 344
1 387
1 149
1 1
2 378
2 295
2 263
2 262
2 130
0 212
0 357
2 253
0 12
0 289
1 124
2 37
0 90
0 282
1 195
2 189
1 164
0 102
0 399
2 11
0 54
1 237
0 157
0 75
1 132
2 9
1 306
0 323
2 70
1 235
1 88
0 40
1 109
1 278
0 104
2 238
1 111
0 169
2 167
1 36
2 208
0 154
0 90
0 110
1 282
2 25
2 369
0 222
0 205
0 187
2 389
0 67
0 102
1 367
2 79
0 168
2 47
2 1
1 399
0 296
2 56
2 252
0 384
0 103
1 174
2 98
1 315
1 263
0 399
1 285
0 233
0 365
2 374
2 17
2 77
2 256
0 234
0 157
1 183
1 9
2 150
0 121
0 271
2 83
2 215
2 348
0 22
2 328
2 280
2 371
2 258
1 88
0 336
1 311
0 105
2 77
1 27
1 320
