NUM_MATRICES 3
NUM_ROWS 30
NUM_COLUMNS 30
-1.029061e+00 6.743500e+00 7.874927e+00 -1.001572e+00 -6.264702e+00 6.240737e+00 -4.469342e+00 2.852489e+00 -5.508933e-01 4.205436e+00 3.440316e+00 -3.588281e+00 7.359836e+00 -5.476740e+00 -2.105850e+00 -9.766351e+00 -2.001582e+00 1.548317e-01 -4.170353e+00 1.701619e+00 -1.389592e+00 -1.631938e+00 9.475332e-01 -3.638045e+00 -2.183525e+00 1.764596e+00 -7.669719e+00 5.644702e+00 1.578195e+00 -1.544205e+00
-5.309934e+00 2.462945e+00 5.686190e+00 8.163047e+00 -9.269111e+00 9.806653e+00 -9.138628e+00 9.424676e+00 9.799756e+00 1.022026e+00 9.196212e+00 -1.493575e+00 -7.947212e+00 1.846559e+00 5.532731e+00 -8.762765e+00 -1.947425e-01 -2.557134e+00 -9.206139e+00 -6.355581e+00 -5.047727e+00 -9.745636e+00 -5.579970e+00 -2.852584e+00 3.854487e+00 9.266165e+00 -9.560017e+00 8.693450e+00 9.291547e+00 -5.626027e-01
2.166268e+00 9.440432e+00 -3.564949e+00 5.665688e+00 -7.295210e+00 9.994159e+00 7.340369e+00 -1.021884e+00 -6.919393e+00 -8.995163e+00 -7.120288e+00 -3.148059e+00 9.603677e+00 8.393364e+00 -2.493436e+00 8.402040e+00 4.405628e+00 -5.858337e-01 6.289102e+00 -1.945593e+00 -7.900313e+00 -5.675229e+00 -7.795861e+00 5.825600e-01 8.160382e+00 7.012858e+00 1.002601e-01 -1.273404e+00 4.377610e+00 -2.186043e+00
-2.748933e+00 3.899262e+00 -3.962631e-01 4.214169e+00 7.355626e+00 2.236881e+00 -2.698969e+00 -8.080957e+00 7.718657e-01 -5.493333e+00 -1.919399e+00 -8.098948e+00 8.226118e+00 4.285118e-01 9.968016e+00 -9.676892e+00 4.679816e+00 -8.250013e+00 8.756661e+00 -1.142879e+00 -9.627999e+00 8.290070e+00 1.376931e+00 9.852202e+00 4.271050e+00 -2.175513e+00 1.920791e+00 4.668958e+00 5.629725e+00 -3.876367e+00
1.093812e+00 -4.374711e+00 6.985931e+00 -9.280240e+00 -1.877675e+00 -5.315338e+00 9.829730e+00 8.242476e+00 -3.185720e+00 -1.502157e+00 8.957200e-01 4.499839e+00 -5.193376e+00 3.160124e+00 -1.388174e+00 9.060077e+00 7.994048e+00 -8.301365e+00 9.183635e+00 4.718902e+00 2.547287e+00 6.994424e+00 -4.361536e+00 -8.865038e+00 3.892906e+00 5.269967e+00 7.165683e-01 2.480528e+00 -4.798000e+00 6.935786e-01
-9.879277e+00 -9.128266e+00 -7.358474e+00 -4.236493e+00 2.853533e+00 -5.750250e+00 -5.069449e+00 -9.527835e+00 7.527203e+00 -7.989514e+00 -6.949786e+00 -4.724542e-01 -1.545979e+00 9.617937e+00 -1.175597e+00 9.883365e+00 -1.702957e+00 -4.754793e+00 4.420908e+00 8.154387e+00 -5.411904e+00 -2.361166e+00 2.693155e+00 -2.396196e+00 6.384689e+00 -1.655183e+00 1.801793e+00 7.317637e-01 -3.971522e+00 9.526922e+00
-5.849456e+00 -8.312139e+00 -7.848773e+00 2.414142e+00 9.335329e+00 7.087341e+00 -9.447098e+00 9.312842e+00 5.242417e+00 1.134777e+00 7.734870e+00 -6.182492e+00 -5.326948e+00 -2.292555e-01 9.072670e+00 5.409851e+00 6.122094e+00 4.224497e+00 5.942999e+00 7.136808e+00 -7.239303e+00 -6.625718e+00 -1.065282e+00 1.199533e+00 7.729574e+00 9.138806e-01 6.635423e+00 9.666084e+00 8.484980e+00 6.743769e-01
-2.701246e+00 7.343239e+00 8.555819e+00 -9.806497e+00 -5.892267e-01 -2.387150e+00 -9.869549e+00 -4.772312e+00 2.528980e+00 -7.980401e+00 -9.020460e+00 -3.974069e+00 -1.476248e+00 -3.788613e+00 -7.025814e+00 -7.584280e+00 7.933327e+00 -1.254841e+00 2.545665e+00 -3.082987e+00 -5.264042e-01 -2.911874e+00 7.357899e+00 -7.543937e+00 7.025381e+00 5.555139e+00 6.308338e+00 2.134241e+00 9.980730e+00 1.130013e+00
-2.458270e+00 -2.737571e+00 9.477500e-01 -5.262336e+00 4.008727e+00 -8.555541e+00 6.463122e-01 -5.282416e-01 -3.033308e+00 3.276219e+00 -5.591566e+00 -1.481294e+00 7.646684e+00 -6.487852e+00 6.997891e+00 5.643773e+00 -1.062489e+00 -1.446798e+00 -5.182833e-01 -5.235011e+00 4.344818e+00 2.572573e+00 8.238141e+00 -5.845230e-01 -9.813753e+00 -1.667755e+00 -5.933131e+00 -7.738255e+00 -9.366135e+00 -5.224619e+00
1.652116e+00 -8.894344e+00 -7.054110e+00 -9.819832e+00 7.816396e+00 4.692623e+00 9.145893e+00 -2.702884e+00 -7.704178e+00 -1.754048e+00 -3.729074e+00 5.543114e+00 -5.224742e+00 -1.153933e+00 1.996945e+00 -2.093277e+00 5.428476e+00 3.764243e+00 -5.219035e+00 2.117474e+00 6.700928e+00 -1.158174e+00 -6.018129e+00 2.285204e+00 -8.219451e-01 1.275662e+00 -3.052162e+00 7.056753e+00 -4.726325e+00 6.419631e+00
-5.500964e+00 -4.827001e+00 -2.091490e+00 9.203953e+00 -5.384866e+00 1.112387e+00 -2.774712e-01 -2.766995e+00 6.593671e-01 -4.643182e+00 9.492405e+00 -5.447297e-01 -9.314763e+00 -9.734782e+00 -6.652494e+00 5.146618e+00 -5.622548e+00 3.170729e+00 8.823065e+00 8.370028e+00 4.301182e+00 3.668724e+00 8.840036e+00 -1.510732e-01 -7.549789e+00 -6.412341e+00 1.703936e+00 2.517566e+00 5.912413e+00 -7.309031e+00
5.114456e+00 -1.017193e+00 -5.264552e+00 -2.417138e-01 -7.752361e-01 -9.021098e+00 -6.770005e+00 -3.996922e+00 6.330635e+00 1.995474e+00 -4.479085e+00 -3.009542e+00 -7.407912e+00 9.968340e+00 -7.935094e+00 1.291814e+00 2.311944e+00 5.238014e+00 7.196566e+00 1.977260e+00 3.724572e+00 1.980877e+00 2.313260e+00 1.877560e+00 -3.773039e+00 -4.638533e+00 -8.457358e+00 -6.885801e+00 -7.175939e-01 -4.368392e+00
3.462184e-01 -1.717654e+00 6.257440e+00 -8.630163e+00 3.787128e+00 3.543300e+00 9.277172e+00 1.421690e-01 9.021994e+00 -5.564515e-01 7.329698e+00 -5.267646e+00 5.240464e+00 -6.368326e+00 -8.755549e-01 7.765629e+00 3.657539e+00 6.408911e+00 9.428624e+00 -1.851133e+00 1.408226e+00 -3.922974e+00 7.941216e+00 3.913482e+00 -1.456086e+00 -8.121376e-01 -1.499175e+00 9.667783e-02 -6.498720e+00 8.649421e+00
-9.032120e-01 -8.466596e+00 -8.520092e+00 9.414663e+00 -3.592981e+00 -5.295012e-01 2.431581e+00 -8.107386e+00 8.750943e+00 8.418579e+00 -5.517703e+00 -5.089926e+00 5.187599e+00 8.700069e+00 -2.370800e+00 8.775146e+00 6.763267e+00 9.031835e+00 8.886778e+00 -5.748270e+00 8.775404e+00 4.934571e+00 -7.325112e+00 -7.290686e+00 -8.070109e+00 5.901246e+00 -7.371028e+00 -4.733337e+00 -5.997445e+00 5.185938e+00
-8.562891e+00 4.589887e+00 -5.768439e+00 -1.867647e+00 -8.413899e+00 4.018768e+00 -9.603508e+00 -1.598451e+00 5.291390e+00 4.631947e+00 7.272123e+00 -1.132708e-02 -7.683243e+00 8.696125e+00 8.397926e+00 8.414580e+00 -7.270752e+00 3.768062e-01 -8.491900e+00 -5.721831e+00 -1.972734e-01 1.612282e+00 -2.645063e+00 6.402671e+00 -2.243873e+00 -8.598494e+00 -1.570242e+00 1.572525e+00 7.461156e+00 3.139349e-01
-2.258314e+00 9.848733e+00 6.274509e+00 -1.178923e+00 -6.402261e+00 -1.088381e+00 1.380247e+00 -4.517532e+00 -3.217675e+00 8.930211e+00 -2.964382e+00 -9.922452e+00 -1.451205e+00 4.080736e-01 1.623153e+00 8.985610e-01 3.963610e+00 3.242071e-01 6.972467e+00 3.316631e+00 7.315997e+00 2.782487e+00 3.339260e+00 4.795605e+00 8.540982e+00 -2.523821e+00 4.247854e+00 7.509674e+00 4.326996e+00 5.671621e+00
7.862576e+00 -7.764565e+00 2.980466e+00 6.089103e-01 -1.395390e+00 -3.363891e+00 -4.332952e+00 6.501777e+00 9.451972e+00 5.293611e+00 8.642895e+00 -1.363255e+00 4.125983e+00 6.017580e+00 4.500497e+00 7.919932e+00 4.107158e+00 -5.559571e+00 3.370629e+00 1.644035e+00 -2.335210e+00 -9.785224e+00 -9.538033e+00 -7.601362e+00 9.353704e+00 9.598370e+00 2.517941e-01 1.004501e+00 5.750219e+00 8.847897e+00
9.655465e+00 -3.535313e-01 2.784213e+00 3.004453e+00 9.825225e+00 -5.101887e+00 9.446303e+00 -8.116893e+00 -3.538527e+00 8.665526e-01 6.075505e+00 3.313097e+00 7.471269e+00 8.642563e+00 -5.170515e+00 4.307691e+00 -7.967084e+00 9.592422e+00 2.327870e+00 1.606438e+00 2.850436e-01 9.980127e+00 -4.390680e-01 -9.321899e+00 8.102375e+00 -9.662275e+00 8.447637e+00 -2.771280e+00 -5.706165e+00 5.810038e+00
-1.280716e+00 6.460934e+00 6.324634e+00 -2.240273e+00 -3.976551e+00 7.266417e+00 5.721489e+00 -6.233532e-01 5.404585e-01 6.659233e+00 -3.438205e+00 1.081463e+00 4.784894e+00 -5.456278e+00 5.951398e+00 -2.851790e+00 5.008985e-01 -1.342721e-01 8.459407e+00 -2.577107e+00 -1.786751e+00 3.500501e+00 -2.456651e+00 -7.392358e+00 8.177756e+00 2.300616e+00 -2.736230e+00 -6.471668e+00 -6.414073e+00 2.205519e+00
3.349239e+00 3.866809e+00 -7.654221e+00 -9.791755e+00 -8.634696e+00 9.238465e+00 -3.633233e+00 2.452139e+00 -2.364536e+00 -1.555559e+00 -9.156689e+00 -7.241264e+00 1.863673e+00 -5.203426e+00 6.290828e+00 -5.797884e+00 1.437076e+00 -2.510096e+00 -4.928927e+00 -3.902469e+00 -5.599592e+00 1.715499e+00 6.582658e+00 9.868786e+00 -1.451766e+00 -4.485855e+00 2.888756e+00 6.595770e+00 -1.528215e+00 3.108377e+00
-9.578258e+00 -2.391133e+00 -5.292634e+00 8.102215e-01 7.338725e+00 1.117402e+00 -5.794773e+00 8.072830e+00 -7.223533e+00 -1.878471e+00 6.129108e+00 -3.335854e+00 -2.656144e+00 2.161728e+00 3.409362e+00 -6.515856e+00 3.826512e+00 -3.607831e+00 8.244050e+00 2.777454e+00 3.826009e+00 7.850587e+00 -4.665860e-01 -7.400302e+00 7.063491e+00 9.072431e+00 1.587602e+00 7.680252e+00 -9.475095e+00 -6.944125e-01
2.670310e+00 6.358471e+00 5.715657e+00 -8.122453e+00 -1.250874e+00 4.700071e+00 4.429834e+00 -3.283584e+00 -7.313796e+00 2.190880e+00 3.467236e+00 1.628930e+00 1.739169e+00 9.692426e+00 5.885811e+00 7.274206e+00 5.317693e+00 7.705715e+00 4.501658e+00 1.314651e+00 -2.636476e-01 -8.250516e-01 -4.197610e+00 -7.807893e+00 -7.540437e+00 -8.907273e+00 1.608119e+00 -1.394457e+00 1.190090e+00 8.009911e+00
-8.262687e+00 -4.576889e+00 2.324508e+00 -3.542770e+00 7.156784e-01 -8.112884e+00 3.078665e-01 -9.632168e+00 -4.746134e+00 2.928558e+00 1.043931e+00 -3.343453e+00 -3.875390e-01 5.103950e+00 3.100948e+00 9.785605e+00 -1.807296e-01 5.637737e+00 -7.776790e+00 -7.011221e+00 -1.042122e+00 -9.896905e+00 1.762937e+00 6.326409e+00 -9.674825e+00 -5.925449e+00 6.012409e-01 -3.654563e+00 -9.535365e+00 3.237570e+00
-5.360521e+00 4.597293e+00 -9.180902e+00 3.420440e+00 6.236913e-01 6.130464e+00 -4.928006e+00 2.210957e+00 -4.552984e+00 8.598676e+00 1.765840e+00 8.943912e+00 -9.840874e+00 -9.606913e+00 6.731852e-03 -8.064920e+00 -6.754397e+00 -4.693621e+00 -5.697849e+00 -1.241525e+00 1.473787e-01 -9.218215e+00 -4.426147e+00 -2.676342e+00 -1.174281e+00 -8.976784e+00 6.226818e+00 8.541658e+00 8.242126e+00 -4.047070e+00
8.376554e+00 -8.893622e+00 -8.199167e-01 -1.815886e+00 -7.299019e+00 -9.033134e+00 -8.122890e+00 -6.115408e-01 3.956741e+00 -5.111609e+00 6.697035e+00 -8.798623e-01 5.355620e+00 6.961060e+00 5.296188e+00 -8.381747e+00 6.342329e+00 -3.387726e+00 1.869594e+00 2.335192e+00 8.431423e+00 5.287241e+00 6.815521e+00 -8.325275e+00 -3.741267e+00 5.384274e+00 6.334864e+00 9.952120e+00 -9.572866e+00 8.243151e+00
2.244558e+00 3.664333e+00 3.406186e+00 8.395070e+00 2.473008e+00 -2.197594e+00 7.943530e+00 1.513426e-01 -7.805484e+00 -5.387082e+00 -5.460699e+00 -8.805118e+00 -1.623591e-01 3.730918e+00 -5.780189e+00 6.388125e+00 -7.161373e+00 -9.300562e+00 -8.377123e+00 5.700832e+00 -5.011601e+00 7.122205e+00 -1.976184e-02 -5.715005e+00 8.501017e+00 5.371825e+00 -2.768359e-01 -9.824598e+00 -4.381537e+00 -2.562249e-01
3.098259e+00 -1.482286e+00 -1.743681e+00 -4.674249e+00 -6.841164e+00 -8.120171e+00 -4.971456e-01 -8.166068e+00 2.335662e+00 1.109430e+00 3.262923e+00 1.782675e+00 -3.752695e+00 9.928719e+00 -4.331141e+00 9.777526e+00 3.485326e+00 6.521122e+00 5.821062e+00 8.935832e+00 -6.847567e-01 -7.885597e+00 4.210917e+00 2.954923e+00 -9.712720e+00 6.178487e+00 2.721570e-01 2.967019e+00 -8.683619e+00 9.054464e-01
8.705574e+00 7.113917e+00 8.715644e+00 -9.860930e+00 -5.472309e+00 -7.273814e+00 3.741035e+00 -9.153086e+00 -8.069972e+00 -2.713946e+00 2.320869e+00 6.142303e+00 -4.228529e+00 -6.641484e-01 -7.618717e+00 -5.489611e+00 -2.440855e-01 -5.779470e+00 -8.370364e+00 2.972015e+00 -4.773620e+00 -8.363606e+00 -9.821549e+00 -3.965859e+00 7.031221e+00 3.890994e+00 -8.394220e+00 3.012692e+00 -5.013945e+00 -4.605437e+00
3.071195e+00 4.332307e+00 -4.788199e+00 8.084505e-01 8.107811e+00 6.267798e+00 7.565165e+00 -7.238492e+00 -6.664158e+00 -1.133109e+00 -4.841049e+00 9.679159e+00 8.347078e-02 -8.953322e+00 6.000217e+00 6.248653e+00 7.563123e+00 2.976019e+00 -9.136078e+00 7.313905e+00 1.995264e-01 2.669390e+00 -1.140962e+00 7.076990e+00 -9.461958e+00 3.882251e+00 -8.707913e-01 2.576368e+00 9.968122e+00 7.956612e+00
6.190079e-01 -7.102337e+00 3.133112e+00 9.323971e-01 4.086285e+00 -3.212842e+00 -8.490711e+00 -1.228098e+00 2.340961e+00 -7.508320e+00 -9.314610e+00 6.253436e+00 7.649322e+00 8.481382e+00 -3.458135e+00 4.212304e+00 2.844217e+00 5.422450e+00 3.075126e-01 3.701128e-01 7.653986e+00 -3.047947e+00 5.493659e+00 2.310128e+00 8.173009e+00 1.320954e-01 9.337359e+00 7.498721e+00 -2.340796e-01 -8.205443e+00
NUM_ROWS 30
NUM_COLUMNS 20
3.534452e+00 -1.070528e+00 -7.954184e+00 4.780717e+00 -6.358020e+00 6.767715e+00 -8.976910e-01 -5.753348e+00 3.264606e+00 -8.533143e+00 -1.753188e-01 8.879343e+00 9.847873e+00 7.108978e+00 -4.398423e+00 -6.405089e+00 2.200297e+00 -3.023792e+00 -7.612329e+00 9.293646e+00
-3.620624e+00 -3.475841e+00 3.211999e-01 -5.325607e+00 -2.215664e+00 4.818242e+00 8.696509e+00 2.694940e+00 -4.625104e+00 -4.422766e+00 -6.542832e+00 -9.781189e+00 -3.937608e+00 -6.992224e+00 -1.613690e+00 -1.691017e+00 -1.839765e+00 -3.414786e+00 -4.369051e+00 9.275493e+00
-3.504581e+00 -6.353186e+00 -7.036553e+00 -7.430924e+00 4.899482e+00 1.884436e-01 2.037549e+00 -2.753775e+00 2.739550e+00 -5.085929e+00 -1.502767e+00 8.398127e+00 4.174835e+00 4.536939e+00 -7.877851e+00 3.534346e+00 -9.036160e-01 -7.463444e-02 2.427138e+00 6.082727e+00
1.078598e+00 1.421637e+00 -3.423111e+00 9.697900e+00 -9.292548e+00 1.110169e+00 5.555939e-01 -1.299331e+00 -8.905361e+00 -2.670442e+00 -6.854337e+00 -4.703255e+00 5.220975e+00 6.173738e+00 3.306977e+00 -2.157330e+00 1.368816e+00 -9.797878e+00 5.568506e+00 -9.236217e+00
3.810337e+00 -4.235932e+00 -5.097762e+00 6.936466e+00 -3.080058e+00 8.866031e+00 5.537489e+00 3.561350e+00 8.029377e-01 9.698001e+00 9.219720e+00 -3.482357e+00 7.959768e+00 -2.440552e+00 -4.382405e+00 3.305554e+00 -9.425375e-01 -2.944194e+00 1.612768e-01 2.718945e+00
1.616104e+00 1.487873e+00 8.729874e+00 -7.710149e+00 -3.088858e+00 8.259578e+00 8.259079e+00 6.250475e+00 6.145544e+00 -6.616419e+00 -4.233944e+00 3.991846e+00 2.412190e+00 2.255900e+00 9.201843e+00 9.588929e+00 7.234484e+00 -5.493024e-01 5.791921e+00 -1.355912e+00
-2.732526e+00 -3.373173e+00 1.173593e+00 4.781491e+00 -4.798155e+00 -1.122708e+00 4.021493e-01 4.729822e+00 -9.967313e+00 -8.913453e+00 4.443404e+00 7.795041e+00 -5.390632e+00 -2.818369e+00 4.477153e-01 -9.149028e+00 5.632545e+00 5.403636e-01 -7.708974e+00 3.382542e+00
2.032708e+00 -1.082903e+00 -7.338782e+00 4.926966e+00 3.819943e-01 4.033625e+00 -8.774687e+00 9.340952e+00 4.248083e+00 -9.864258e+00 -3.500825e-01 -5.007885e+00 8.532211e+00 9.086187e-02 -3.900294e+00 -1.969690e-02 6.939791e+00 -3.644824e-01 -4.158301e-01 -9.546341e+00
2.415722e+00 5.338104e+00 5.609843e+00 -5.392269e+00 3.674092e+00 6.284458e+00 -3.742948e+00 1.400858e-01 1.882069e-01 5.203770e+00 -7.199776e+00 4.188357e+00 2.678095e+00 -2.357733e+00 1.571112e+00 -5.792986e+00 6.723914e+00 5.131251e+00 -3.834075e+00 -7.137452e+00
6.379622e+00 1.377711e+00 8.918388e+00 -6.323923e+00 6.377071e+00 3.867692e-01 -6.441748e+00 -7.142413e+00 -8.776301e+00 8.661181e+00 -9.041683e+00 -1.774905e+00 -7.492101e+00 3.116616e+00 -2.197536e+00 -9.199614e-02 8.908353e-01 -9.664067e+00 6.729342e+00 -2.611355e+00
8.168742e+00 -9.873036e+00 4.984319e+00 -3.603967e+00 7.886148e+00 -8.078732e+00 4.881897e+00 5.903247e+00 -5.046751e-01 4.387064e+00 9.026700e+00 2.221276e+00 3.282339e+00 8.170565e+00 -6.243697e-02 3.266475e-02 6.426156e+00 -5.756500e+00 -9.917731e+00 -2.162398e+00
-1.275382e-01 -4.114995e+00 6.771595e+00 4.411215e+00 9.363341e+00 -6.351561e+00 -6.349356e+00 9.291400e+00 8.511108e+00 -9.658094e+00 -8.693971e+00 9.129032e+00 -4.880811e+00 6.301698e+00 -6.717255e+00 6.030295e-01 -6.939356e+00 2.045313e+00 -1.206877e+00 9.799431e-01
6.086033e+00 -7.399955e-01 -9.337824e+00 9.819728e+00 -9.010220e+00 -8.131804e+00 1.552405e+00 2.803643e+00 -1.689958e-01 -2.225545e+00 -1.109621e+00 -5.553770e+00 5.809575e-01 -9.639379e+00 8.765136e+00 -9.548923e+00 5.046208e+00 6.105531e+00 -5.937254e-01 -2.242699e+00
5.124537e-01 8.947023e+00 4.639356e+00 -1.961132e+00 -4.110182e+00 4.632909e+00 -4.505416e+00 4.473957e+00 -9.536616e+00 6.007332e+00 -7.646748e+00 -1.162723e+00 3.090391e-01 5.870481e+00 -2.865622e+00 -1.648810e+00 -6.983680e+00 6.271628e+00 7.354835e+00 -4.134897e+00
-5.098908e+00 3.785017e+00 9.333078e+00 -9.676083e+00 9.565422e+00 -2.833365e+00 -2.503863e+00 -4.332366e+00 1.369837e+00 -3.712643e+00 -6.046603e+00 -7.693935e+00 1.548447e+00 5.695610e+00 -2.467638e+00 -8.638701e+00 -6.718283e+00 -2.511390e+00 4.172419e+00 6.517894e+00
-4.114908e+00 -8.369681e-01 8.237682e+00 -7.888546e+00 -6.725062e+00 -2.963922e+00 1.231549e+00 -3.114442e+00 2.013534e+00 9.129479e+00 -4.754305e+00 6.221159e+00 -6.556813e+00 3.739890e+00 -7.482205e+00 3.812089e+00 7.978247e+00 5.568599e+00 -6.288582e+00 3.010788e+00
-6.563617e-01 -6.836987e+00 5.425163e+00 7.239475e+00 8.718418e+00 -1.088748e+00 -5.726904e+00 5.436394e-01 8.549551e+00 6.082718e+00 6.610787e+00 6.189975e+00 -8.230630e+00 7.142577e+00 7.119813e+00 5.082490e+00 2.737198e+00 4.651949e+00 2.211295e+00 -4.573066e+00
-6.488767e+00 -2.251580e+00 2.342878e+00 5.945311e+00 -8.355539e+00 -4.483441e+00 2.218483e+00 9.458090e-01 -3.361104e+00 -8.716520e+00 3.021815e+00 6.238077e+00 -2.630386e+00 7.677128e+00 -3.802492e+00 -4.505861e+00 9.880065e+00 7.404728e+00 7.658828e+00 -5.511690e-01
-5.757395e+00 2.632365e+00 -4.625015e+00 6.049823e+00 -1.193305e+00 -2.877277e+00 -6.231550e+00 9.258687e+00 8.379312e+00 -5.587038e+00 -5.749914e+00 6.534654e+00 2.035877e+00 -2.616516e+00 -5.648000e+00 1.411970e+00 2.802909e+00 8.781664e+00 5.738175e+00 4.638808e+00
4.076196e+00 -3.165801e+00 1.263161e+00 6.977306e-01 -2.604957e+00 1.950556e+00 -7.827031e-01 2.813847e+00 -7.468094e+00 5.349123e+00 -3.617356e+00 -7.011586e+00 8.931820e+00 4.596907e+00 4.994269e+00 -3.172180e+00 5.335225e+00 -6.086459e+00 2.230402e+00 4.046329e+00
-6.534305e+00 7.427699e+00 5.264787e-01 1.375909e+00 8.326281e-01 9.364958e-01 4.679094e-01 -8.972136e+00 1.484455e+00 7.266461e+00 -9.085357e+00 -2.615877e+00 -1.026991e-01 -6.676115e+00 -6.879785e+00 -3.710437e+00 8.251059e+00 1.219742e+00 1.978597e+00 2.170665e-01
4.657149e-02 -8.860446e+00 -4.093421e+00 -7.116542e-01 4.694612e+00 4.698042e+00 4.022466e+00 -8.619607e+00 -8.303188e+00 2.020200e-01 -4.696343e+00 -7.279018e+00 -4.369019e+00 -1.733101e-01 -5.661408e+00 -3.105787e+00 -8.239049e+00 1.622496e+00 3.388417e+00 3.132442e+00
7.592587e+00 -8.118619e+00 2.268071e+00 -2.893240e+00 4.180015e+00 8.228553e+00 -5.212601e+00 -9.970438e+00 9.424422e+00 3.914239e+00 -1.547402e+00 -7.516455e+00 3.000541e+00 5.260641e+00 7.997485e-01 -9.088761e+00 -2.163042e+00 9.732665e+00 -2.222556e+00 2.885867e+00
1.501258e+00 8.201281e-01 2.609813e+00 -9.821710e+00 3.191602e+00 9.306428e+00 2.630317e+00 -2.206329e+00 6.855457e+00 8.024693e+00 7.582898e+00 -5.700299e+00 1.615062e+00 -1.641137e+00 2.846470e+00 -2.638164e+00 8.319614e+00 -7.013193e+00 3.157502e+00 -6.488806e+00
7.518290e-01 -8.394099e+00 5.031965e+00 6.562242e-01 9.154024e+00 7.928622e+00 -4.162857e+00 7.543426e+00 7.305641e+00 -7.473806e+00 4.139618e+00 -3.732959e-01 3.601727e+00 1.678859e+00 9.686726e+00 8.946678e+00 -1.725919e+00 6.882984e+00 -8.523456e+00 -8.213091e+00
2.193281e+00 8.731560e+00 6.220753e+00 -6.353588e+00 -2.417073e+00 8.994112e+00 -5.902286e+00 4.684466e+00 -7.785074e+00 -4.816490e+00 4.038226e+00 -8.659240e+00 1.214052e+00 -8.257505e+00 8.089744e+00 -5.132851e+00 3.764865e+00 -1.742035e+00 -2.393844e-01 1.694699e+00
-3.524468e+00 -5.959349e+00 -2.351017e+00 -4.463525e+00 -7.791968e+00 -8.688531e+00 7.086122e+00 -5.028462e+00 4.140416e+00 -6.744365e+00 6.580751e+00 -1.470028e-01 -8.142616e+00 -7.800206e+00 -2.076759e+00 -9.912419e+00 3.346786e+00 -8.425397e+00 -5.811396e+00 -2.037665e+00
-4.658638e+00 4.339632e+00 1.794268e+00 1.139904e+00 -6.782565e+00 1.515873e+00 8.783968e+00 -1.151514e+00 4.794207e+00 -2.327506e+00 9.795642e+00 9.962012e+00 3.226493e+00 -4.636073e-01 5.266832e+00 1.922733e+00 1.521080e+00 -3.236850e-01 -1.703790e+00 3.798522e+00
5.813609e+00 -2.779727e+00 -1.676945e+00 1.187786e+00 -5.061088e-01 2.368488e+00 4.930873e+00 5.578683e+00 -3.113716e+00 -5.111684e+00 8.437196e+00 -6.525623e+00 -5.173338e+00 4.831025e+00 3.270325e+00 -8.522253e+00 1.623635e-01 -8.372631e+00 2.277503e+00 -4.440739e+00
-8.229198e+00 -2.877810e+00 -8.018568e+00 6.657462e+00 5.815259e+00 9.794728e+00 5.017277e+00 -5.171178e+00 4.157720e+00 -2.795410e+00 -5.857903e+00 -8.963615e+00 -4.481288e-01 -6.120604e+00 4.405831e-01 -8.487874e+00 5.871859e+00 -6.270163e+00 7.514577e-02 2.650651e+00
NUM_ROWS 30
NUM_COLUMNS 20
1.613012e+02 -2.143389e+00 -1.009407e+02 -6.512680e+01 3.487894e+01 2.541942e+01 1.176618e+02 4.944001e+01 -7.044875e+01 -1.704617e+02 -1.131329e+01 -9.563449e+01 1.582448e+02 -3.222420e+01 2.419816e+02 7.261354e+01 2.880680e+01 -9.184274e+01 8.028727e+01 5.172468e+01
1.565437e+02 2.806646e+02 3.387669e+02 -3.329291e+02 2.882112e+02 2.432415e+02 -2.990767e+01 3.586689e+02 -4.732194e+01 -2.596883e+02 7.139231e+01 -5.762285e+01 2.397352e+02 2.579666e+02 4.051502e+02 2.622542e+02 8.757295e+00 -2.788664e+02 8.730423e+01 -4.023337e+02
-1.123261e+02 1.331508e+02 3.765094e+01 1.102319e+02 -4.910169e+02 4.185814e+01 6.908301e+01 5.001367e+02 -8.308609e+01 -4.559746e+02 3.548181e+01 5.889814e+01 -1.181385e+02 -1.245919e+02 3.996457e+02 1.078843e+02 1.223805e+02 1.815899e+02 -3.962085e+01 -5.683568e+01
1.146196e+02 -1.050158e+02 -1.335216e+02 -3.608022e+01 5.210850e+01 1.815865e+02 2.222507e+02 4.906866e+01 1.075611e+02 4.072787e+01 2.847771e+02 -3.286937e+02 1.081113e+02 -1.157261e+02 3.470564e+02 -6.737363e+01 -2.735081e+02 -5.892618e+01 1.437794e+02 -2.222207e+00
-1.923247e+02 -1.232047e+02 -6.723935e-02 6.345637e+01 2.000889e+02 -8.408955e+01 -2.998798e+02 1.850108e+02 6.784488e+01 -1.192738e+02 -5.678453e+01 3.530656e+02 -7.585531e+01 4.768662e+00 -2.519632e+02 1.584131e+02 -3.513380e+01 2.654786e+02 -2.088230e+02 2.055835e+02
-1.314531e+02 1.370932e+02 1.291135e+02 8.210936e+00 1.741036e+01 7.781433e+01 -1.127370e+02 9.843830e+00 1.229615e+02 4.197456e+02 -1.124418e+02 -5.534388e+01 -1.595402e+01 -1.088493e+02 9.986899e+01 7.061163e+01 -1.306798e+02 3.459119e+02 -2.765333e+01 -5.983917e+01
1.014475e+02 -3.221682e+01 3.151603e+02 -7.239520e+01 2.745733e+01 1.106328e+02 1.975590e+01 3.327219e+02 2.986817e+02 9.529167e+01 4.066940e+02 -5.353186e+01 2.179483e+02 2.752099e+02 2.975209e+02 1.542122e+02 3.052271e+02 -1.372748e+02 7.388085e+01 -3.631293e+02
-6.983551e+01 -1.474379e+02 -1.917007e+02 -1.418767e+01 1.173859e+02 1.710886e+02 6.383923e+01 2.183506e+00 3.591439e+02 -1.900313e+02 2.720618e+02 -6.628016e+01 -1.020402e+02 -2.364778e+02 1.960494e+02 6.198731e+01 -1.784471e+02 2.365965e+02 -7.307196e+01 9.851872e+01
2.827278e+00 5.351646e+01 -8.241404e+01 -3.727474e+01 7.716472e+01 -2.143994e+02 -2.168855e+02 -3.879730e+02 1.478807e+01 3.517433e+02 -2.130094e+02 -1.220123e+02 -8.759755e+01 -1.386337e+02 -3.138633e+02 -1.162675e+02 -1.431331e+02 2.679294e+02 6.143553e+01 2.387275e+02
-2.115287e+02 8.551841e+01 1.496087e+02 1.863199e+02 5.431030e+01 8.929188e+01 7.615873e+01 9.288766e+00 1.199318e+02 2.453541e+01 2.456859e+02 2.446394e+02 -5.011976e+01 -3.129734e+01 3.651200e+01 1.021545e+02 9.730078e+01 -2.159197e+00 2.534518e+01 1.515708e+02
5.478959e+01 -1.582774e+02 3.551485e+01 -1.009778e+01 -1.484477e+02 -2.473688e+02 1.409258e+02 -8.009997e+01 1.329045e+01 1.277811e+02 3.786628e+01 1.362808e+02 3.219615e+01 2.463493e+02 -1.411450e+02 -9.004632e+00 2.021053e+02 -5.834840e+01 1.113068e+01 -1.538540e+01
2.768762e+01 2.091031e+02 4.958209e-03 1.075045e+02 -2.398430e+01 1.128539e+02 -2.932153e+02 -1.398851e+02 -1.421474e+02 4.473304e+02 -2.741892e+02 7.636721e+01 1.914109e+01 1.989109e+02 -2.656796e+02 6.271356e+01 -8.145594e+01 2.798470e+02 2.245483e+02 -4.716448e+01
-1.048023e+02 -1.797484e+02 -5.693512e+00 -3.448411e+01 5.542460e+01 6.158579e+01 3.523027e+01 -3.126257e+01 3.533874e+02 8.389467e+01 8.062597e+01 2.796144e+02 4.691234e+01 -9.760547e+01 -6.372496e+01 -1.329760e+02 5.378638e+02 3.248797e+02 -1.872036e+02 1.561943e+02
-2.117118e+02 4.986998e+02 1.442009e+02 2.967227e+02 -2.772691e+02 -9.454869e+01 -2.583173e+02 -1.939002e+02 -4.379627e+02 3.317214e+02 -5.483445e+02 1.586284e+02 -2.798813e+02 -6.028158e+01 -8.740789e+01 -1.030775e+02 2.314049e+02 3.065500e+02 3.910397e+02 -1.239890e+02
-1.202189e+01 1.679529e+02 4.861473e+02 -5.974951e+02 2.309306e+02 -3.930981e+01 1.937697e+02 -1.293183e+02 -9.500008e+01 3.302660e+02 -2.151185e+02 -1.779892e+02 -2.494971e+02 2.279427e+02 -1.135671e+02 6.383351e+01 -1.098210e+02 -1.704297e+02 1.078963e+02 -1.975948e+02
-2.173972e+02 -1.005467e+02 4.132812e+01 -2.024555e+02 9.303840e+01 1.811177e+02 1.585550e+02 -2.672270e+02 3.273879e+01 4.517567e+01 -6.904299e+01 -1.618043e+02 -1.738576e+02 -1.042740e+02 5.863458e+01 -9.137822e+01 1.232362e+02 -7.793572e+01 7.640271e+01 1.200127e+02
9.523734e+01 1.435689e+02 8.806865e+01 2.648861e+01 1.300134e+02 4.304365e+01 -2.844373e+02 2.846774e+02 4.061945e+01 -6.581834e+01 -2.590969e+01 1.148309e+02 1.804896e+02 1.157511e+02 1.422152e+02 -3.813820e+01 2.409643e+02 -8.079178e+01 -2.007279e+02 -2.067952e+02
-7.504795e+01 -4.095838e+02 -3.093091e+02 4.063578e+02 -3.015201e+02 -1.797116e+02 2.191140e+02 -8.568258e+01 -2.486095e+02 -1.610786e+02 -1.086263e+02 2.350338e+02 -5.860858e+00 7.942421e+01 -3.484563e+02 -2.191457e+02 -4.785373e+01 1.423111e+02 -2.252334e+02 2.276614e+02
-1.305612e+02 -9.326574e+01 4.833155e+01 -4.422375e+01 2.244053e+02 -6.372243e+00 -1.319084e+02 1.215047e+02 9.169641e+00 -3.820251e+02 -3.627053e+02 3.903071e+01 -8.777678e+01 -1.325359e+02 3.296660e+01 9.931605e+01 -6.209671e+01 1.789581e+02 3.287231e+01 1.712183e+02
-3.503490e+01 3.656441e+01 9.951861e+00 -2.629698e+02 4.630578e+01 2.322622e+02 1.735691e+02 -2.689889e+02 3.594839e+02 -1.263327e+02 1.358735e+02 -2.107263e+02 -4.116605e+01 -1.760381e+02 2.916794e+02 -8.282745e+01 -2.800994e+01 -1.384336e+01 2.549963e+01 6.748676e+01
-4.839924e+01 1.003094e+01 3.052548e+01 1.351618e+02 1.475606e+02 7.140777e+01 -1.075872e+02 2.001270e+02 4.743910e+01 2.185967e+01 1.097825e+02 -2.376506e+02 2.058859e+02 -1.420380e+02 1.238127e+02 2.665052e+02 -1.249040e+02 1.047442e+02 9.481820e+01 -5.993695e+01
-2.776245e+02 -1.167169e+02 3.072028e+01 2.089081e+01 -5.715987e+01 -2.774313e+02 1.802434e+02 1.505009e+01 -3.676338e+01 -1.002284e+02 -2.276020e+02 2.590948e+02 -2.649635e+02 2.044691e+02 -3.170774e+02 -6.381405e+01 2.760204e+01 9.176443e+01 1.139142e+02 3.747579e+02
-1.735332e+02 1.192009e+02 1.718331e+02 -2.243602e+02 -2.217763e+01 -3.303212e+02 4.917664e+01 -3.647858e+02 -3.050899e+01 5.369539e+02 3.205659e+01 1.127739e+02 -2.865631e+02 3.736346e+01 -2.398803e+02 9.929594e-01 5.127061e+00 6.215387e+01 7.244032e+01 5.501071e+01
7.852321e+01 1.742848e+01 1.822957e+02 -6.053466e+01 6.595118e+01 -1.918534e+02 2.333598e+02 1.266044e+02 1.000754e+02 -1.419997e+02 1.179448e+02 1.435912e+01 -1.076400e+02 4.312829e+01 6.699391e+01 2.151302e+02 -1.398989e+02 -5.436315e+02 -1.291421e+01 -1.418310e+02
-6.552709e+01 1.092266e+02 -1.726070e+02 1.883560e+02 1.228102e+02 -9.241902e+01 -1.699683e+02 -3.654184e+02 1.656046e+02 4.659023e+01 -1.062842e+02 -1.489386e+01 1.907108e+02 -4.497188e+01 -2.985492e+00 -3.752019e+02 -7.476149e+01 1.778558e+02 -6.690981e+01 1.283327e+02
8.608055e+01 -1.457904e+02 -2.469644e+02 1.872273e+01 -2.675448e+02 2.537065e+02 3.856066e+01 -4.350255e+01 -4.861479e+02 -4.018521e+01 -6.705248e+01 -3.375763e+02 1.411681e+02 -1.357029e+02 6.869259e+01 5.686846e+01 -1.988006e+02 -7.786925e+01 -2.216028e+02 7.425046e+01
-1.014416e+02 2.249697e+02 2.683187e+02 -1.310052e+02 -1.735134e+02 -1.534575e+02 -1.955638e+02 -1.037759e+02 -6.595938e+01 3.552432e+02 -1.160506e+02 2.890869e+02 -8.419968e+01 1.425900e+02 -1.449680e+02 -1.276003e+02 1.991836e+02 2.137592e+02 9.258211e+00 2.136639e+02
5.491140e+00 -5.223401e+01 1.950602e+00 -4.329889e+01 1.419766e+02 -1.003597e+02 -3.250690e+00 2.021546e+02 -9.425108e+01 -1.810720e+02 2.285572e+02 3.989042e+02 4.514436e+01 4.288614e+01 7.784388e+01 3.602694e+02 -2.953791e+02 -2.705383e+01 -3.602075e+02 3.328375e+02
-6.217333e+01 -1.549605e+02 1.496030e+02 5.293032e+01 -7.335912e+01 1.463373e+02 3.410218e+02 -9.783700e+01 -4.094905e+01 -1.721575e+01 1.495479e+02 -1.507306e+02 -2.284825e+02 5.707619e+01 9.043085e+01 -2.693762e+02 1.475031e+02 -3.861511e+02 4.838808e+01 2.884591e+02
-5.645593e+01 7.815988e+01 -8.025880e+00 1.332906e+02 -2.594361e+02 -4.510677e+01 -9.282506e+01 -1.527329e+01 3.540171e+02 3.482680e+01 9.060048e+01 2.125607e+02 6.924991e+01 9.915774e+00 1.043952e+01 7.285616e+00 1.206652e+01 4.054484e+02 4.180815e+01 -1.823702e+02
