HAS_FEEDBACK 1
HAS_INDEXES 0
DELETIONS_ENABLED 0
MAX_KEY 256
CAPACITY 128
MAX_LOAD 128
NUM_OPERATIONS 1000
1 101 1
1 204 1
1 51 1
0 196 0
0 142 0
0 161 0
0 131 0
1 234 1
1 183 1
0 155 0
0 62 0
0 206 0
0 103 0
0 28 0
1 56 1
1 214 1
1 76 1
1 134 1
0 249 0
0 197 0
1 197 1
0 228 0
0 90 0
1 235 1
0 243 0
1 22 1
0 170 0
1 89 1
0 6 0
0 17 0
0 248 0
1 217 1
0 138 0
0 194 0
1 171 1
1 11 1
0 238 0
1 184 1
0 189 0
1 91 1
1 43 1
0 225 0
1 85 1
0 228 0
0 176 0
1 151 1
1 219 1
0 236 0
0 208 0
1 233 1
0 56 1
1 235 0
0 225 0
1 111 1
1 72 1
1 79 1
0 58 0
0 71 0
1 107 1
0 232 0
0 33 0
0 194 0
1 239 1
1 98 1
1 95 1
0 60 0
1 63 1
0 187 0
0 203 0
0 190 0
0 243 0
0 133 0
0 62 0
1 187 1
1 247 1
1 194 1
0 35 0
1 20 1
0 53 0
0 210 0
1 193 1
0 41 0
1 53 1
1 32 1
1 14 1
1 19 1
0 236 0
1 46 1
0 100 0
1 210 1
0 141 0
1 116 1
1 26 1
1 194 0
0 254 0
1 224 1
1 161 1
0 191 0
1 236 1
1 212 1
1 190 1
1 251 1
1 127 1
0 212 1
1 20 0
1 64 1
1 59 1
1 81 1
0 60 0
0 162 0
0 167 0
1 248 1
0 140 0
1 29 1
0 152 0
1 115 1
0 217 1
0 1 0
0 153 0
1 60 1
1 124 1
0 78 0
1 47 1
1 11 0
0 178 0
1 163 1
0 48 0
1 160 1
1 84 1
1 52 1
1 175 1
1 66 1
1 23 1
0 224 1
1 24 1
0 93 0
1 152 1
1 74 1
1 74 0
0 49 0
1 1 1
1 85 0
0 112 0
1 235 0
1 179 1
0 175 1
0 198 0
1 234 0
1 52 0
1 140 1
0 231 0
1 223 1
0 147 0
0 70 0
1 126 1
0 217 1
0 75 0
0 175 1
1 36 1
1 126 0
1 185 1
0 57 0
0 31 0
0 92 0
0 238 0
1 159 1
1 209 1
0 86 0
0 169 0
1 67 1
0 19 1
0 166 0
0 74 1
0 24 1
0 239 1
1 68 1
1 195 1
0 41 0
1 160 0
1 54 1
1 109 1
1 101 0
0 84 1
1 163 0
1 87 1
1 35 1
0 2 0
1 198 1
0 30 0
1 184 0
0 115 1
1 181 1
0 121 0
1 24 0
0 98 1
0 168 0
1 34 1
0 14 1
0 200 0
1 113 1
0 151 1
1 136 1
1 93 1
0 227 0
0 44 0
1 135 1
1 153 1
0 212 1
0 26 1
1 44 1
0 58 0
1 75 1
0 224 1
0 208 0
1 10 1
0 199 0
1 214 0
0 57 0
0 157 0
0 173 0
1 184 0
0 103 0
0 111 1
0 99 0
1 40 1
1 4 1
0 98 1
0 189 0
0 166 0
1 235 0
1 207 1
1 80 1
1 2 1
1 216 1
1 164 1
1 103 1
0 184 1
1 173 1
0 9 0
0 175 1
0 158 0
1 145 1
0 2 1
0 67 1
1 219 0
0 88 0
1 225 1
1 80 0
1 48 1
0 129 0
1 173 0
1 49 1
0 181 1
1 140 0
1 238 1
0 237 0
1 239 0
0 141 0
1 204 0
1 152 0
1 254 1
1 83 1
1 151 0
1 194 0
1 203 1
0 155 0
0 43 1
1 221 1
1 170 1
0 157 0
1 165 1
1 38 1
1 9 1
1 133 1
1 132 1
0 125 0
1 13 1
1 99 1
1 116 0
0 106 0
0 104 0
0 183 1
1 208 1
1 114 1
0 254 1
0 19 1
1 153 0
0 57 0
1 236 0
1 119 1
0 217 1
1 242 1
1 196 1
0 137 0
0 122 0
1 119 0
1 247 0
0 117 0
1 196 0
1 66 0
1 246 0
0 103 1
1 142 0
1 49 0
0 92 0
1 234 0
0 155 0
1 28 0
0 51 1
1 152 0
1 153 0
0 144 0
1 62 0
0 88 0
0 236 1
1 197 0
1 238 0
0 115 1
0 203 1
1 247 0
0 75 1
1 94 0
1 191 0
0 70 0
1 32 0
1 159 0
1 236 0
0 72 1
0 52 1
1 45 0
0 59 1
1 4 0
0 31 0
0 166 0
1 26 0
1 18 0
0 127 1
0 75 1
0 233 1
1 49 0
0 111 1
1 193 0
0 255 0
0 134 1
0 169 0
1 84 0
1 165 0
0 13 1
1 205 0
1 174 0
1 80 0
1 76 0
1 49 0
1 14 0
0 41 0
0 35 1
1 15 0
1 242 0
0 236 1
0 66 1
1 44 0
1 122 0
1 237 0
1 149 0
1 58 0
0 162 0
1 5 0
1 89 0
0 134 1
0 79 1
1 165 0
0 69 0
1 85 0
0 194 1
0 175 1
0 216 1
1 154 0
0 171 1
1 217 0
0 66 1
0 132 1
1 156 0
1 210 0
1 188 0
0 92 0
0 7 0
0 125 0
0 181 1
1 130 0
0 20 1
0 124 1
1 12 0
0 63 1
1 156 0
0 246 0
1 43 0
0 194 1
1 2 0
1 188 0
1 236 0
0 201 0
1 26 0
0 62 0
1 25 0
1 71 0
0 240 0
1 25 0
1 216 0
0 177 0
0 111 1
1 83 0
1 34 0
0 97 0
0 169 0
0 225 1
1 54 0
1 135 0
0 241 0
1 32 0
0 132 1
0 54 1
0 41 0
0 111 1
0 166 0
0 118 0
0 199 0
1 175 0
1 222 0
0 13 1
1 46 0
1 28 0
0 153 1
1 179 0
1 104 0
1 148 0
1 57 0
1 96 0
0 25 0
1 99 0
1 239 0
1 213 0
1 162 0
1 160 0
1 148 0
1 8 0
1 153 0
0 37 0
0 199 0
1 188 0
0 171 1
0 27 0
1 27 0
0 69 0
0 74 1
1 242 0
0 130 0
1 239 0
0 76 1
1 165 0
1 60 0
1 161 0
1 208 0
1 8 0
1 158 0
1 198 0
0 20 1
1 45 0
0 92 0
0 97 0
1 26 0
0 222 0
1 27 0
1 192 0
0 94 0
0 70 0
1 18 0
1 111 0
1 173 0
0 121 0
0 58 0
0 148 0
0 33 0
1 123 0
0 50 0
1 35 0
0 48 1
0 230 0
0 207 1
1 176 0
0 12 0
1 198 0
0 220 0
0 254 1
1 171 0
0 212 1
1 182 0
0 50 0
1 40 0
1 83 0
0 136 1
0 164 1
1 118 0
1 2 0
0 49 1
1 114 0
0 167 0
0 90 0
1 109 0
0 13 1
0 207 1
1 252 0
1 73 0
0 92 0
0 218 0
1 201 0
0 36 1
0 27 0
1 247 0
0 222 0
0 205 0
0 101 1
0 136 1
1 248 0
1 23 0
0 14 1
1 230 0
0 107 1
0 57 0
1 159 0
0 118 0
0 118 0
1 214 0
1 52 0
1 172 0
0 246 0
0 99 1
0 238 1
1 27 0
1 224 0
0 235 1
1 23 0
1 247 0
1 2 0
0 74 1
1 67 0
1 10 0
1 90 0
1 73 0
1 173 0
1 160 0
1 111 0
0 254 1
0 236 1
0 68 1
1 75 0
0 187 1
0 2 1
1 227 0
0 227 0
0 163 1
0 236 1
1 222 0
0 140 1
0 212 1
0 29 1
0 220 0
1 118 0
1 232 0
0 244 0
0 48 1
0 92 0
1 161 0
0 157 0
1 97 0
1 177 0
0 166 0
1 177 0
1 229 0
0 173 1
1 119 0
1 46 0
0 86 0
1 47 0
0 7 0
0 107 1
0 99 1
1 34 0
0 37 0
1 136 0
1 63 0
0 139 0
1 216 0
0 107 1
1 122 0
0 119 1
1 225 0
1 68 0
0 71 0
0 117 0
0 150 0
1 132 0
1 167 0
1 252 0
1 100 0
1 83 0
1 189 0
1 137 0
1 26 0
1 83 0
1 12 0
1 133 0
1 109 0
1 36 0
1 60 0
1 3 0
1 121 0
1 202 0
0 43 1
1 237 0
1 75 0
0 50 0
0 29 1
1 158 0
0 173 1
1 202 0
1 186 0
0 165 1
0 23 1
1 220 0
0 98 1
1 37 0
1 100 0
1 251 0
1 181 0
1 30 0
0 40 1
0 9 1
0 9 1
1 123 0
1 150 0
0 111 1
0 147 0
0 120 0
1 221 0
0 252 0
0 50 0
0 26 1
1 16 0
0 37 0
1 253 0
0 197 1
0 144 0
1 105 0
1 115 0
1 80 0
0 41 0
1 90 0
1 212 0
1 101 0
1 38 0
0 240 0
0 130 0
0 236 1
1 32 0
0 86 0
0 83 1
0 66 1
1 232 0
1 125 0
0 143 0
1 100 0
1 140 0
1 114 0
0 143 0
1 18 0
1 57 0
0 12 0
1 12 0
1 76 0
0 10 1
1 72 0
0 189 0
1 64 0
1 53 0
1 1 0
1 137 0
0 123 0
0 35 1
1 118 0
1 197 0
1 101 0
1 136 0
0 184 1
1 105 0
0 191 0
0 166 0
0 206 0
0 145 1
0 9 1
1 203 0
0 138 0
0 110 0
0 106 0
1 242 0
1 66 0
1 102 0
1 181 0
1 23 0
0 131 0
0 112 0
0 241 0
0 75 1
1 121 0
1 206 0
1 162 0
1 139 0
0 237 0
1 50 0
0 138 0
0 55 0
1 220 0
1 113 0
1 140 0
1 254 0
0 8 0
0 82 0
1 133 0
1 185 0
1 121 0
1 128 0
0 32 1
0 73 0
0 6 0
0 100 0
1 160 0
1 90 0
0 56 1
1 14 0
1 84 0
0 210 1
0 123 0
0 84 1
1 193 0
0 254 1
0 148 0
0 87 1
1 138 0
1 192 0
1 27 0
0 31 0
1 191 0
0 54 1
1 68 0
0 186 0
1 80 0
1 242 0
1 177 0
0 203 1
0 84 1
1 173 0
1 72 0
0 156 0
1 163 0
0 98 1
1 129 0
1 120 0
0 248 1
1 55 0
0 241 0
1 211 0
0 125 0
1 14 0
0 13 1
1 160 0
0 161 1
0 73 0
1 82 0
1 186 0
1 65 0
0 178 0
1 156 0
0 3 0
1 216 0
0 208 1
1 43 0
1 12 0
1 106 0
0 213 0
0 241 0
0 215 0
1 195 0
0 124 1
0 4 1
0 10 1
0 83 1
1 8 0
1 230 0
0 131 0
1 69 0
0 136 1
0 247 1
1 24 0
0 173 1
1 216 0
1 99 0
1 51 0
0 206 0
1 59 0
1 228 0
0 24 1
0 1 1
0 38 1
1 41 0
1 166 0
0 251 1
0 221 1
1 194 0
1 86 0
0 225 1
0 16 0
0 220 0
0 107 1
1 239 0
1 125 0
1 234 0
1 12 0
1 179 0
0 210 1
1 217 0
0 74 1
1 166 0
0 200 0
0 27 0
0 217 1
1 76 0
1 65 0
0 42 0
1 211 0
0 82 0
0 238 1
0 229 0
1 40 0
1 43 0
1 117 0
0 115 1
1 216 0
0 228 0
1 130 0
1 191 0
0 251 1
0 68 1
0 52 1
0 231 0
0 136 1
0 89 1
0 117 0
0 112 0
1 215 0
1 150 0
0 158 0
0 10 1
0 34 1
1 24 0
1 237 0
1 254 0
1 226 0
0 37 0
0 176 0
0 31 0
0 70 0
0 173 1
1 182 0
0 87 1
1 183 0
1 216 0
0 246 0
1 203 0
0 208 1
1 188 0
1 186 0
1 167 0
1 253 0
1 180 0
1 216 0
1 229 0
0 75 1
1 216 0
0 176 0
0 142 0
0 29 1
0 188 0
0 73 0
1 44 0
0 107 1
1 216 0
0 163 1
0 194 1
1 75 0
0 78 0
0 73 0
0 66 1
1 198 0
0 148 0
0 73 0
0 221 1
0 137 0
1 122 0
1 34 0
1 235 0
1 141 0
1 177 0
0 66 1
0 209 1
1 233 0
0 176 0
0 82 0
1 198 0
0 12 0
0 142 0
0 124 1
0 187 1
0 5 0
0 214 1
0 217 1
1 177 0
0 133 1
0 151 1
1 213 0
0 84 1
1 135 0
0 240 0
1 245 0
1 241 0
0 17 0
0 86 0
1 233 0
0 145 1
1 69 0
0 20 1
0 42 0
1 133 0
1 40 0
0 117 0
1 132 0
1 187 0
0 204 1
1 227 0
1 99 0
1 195 0
0 84 1
0 255 0
0 41 0
1 44 0
0 248 1
0 139 0
0 5 0
0 208 1
0 44 1
0 42 0
1 14 0
1 186 0
1 145 0
1 155 0
1 114 0
0 103 1
1 119 0
0 3 0
1 246 0
0 13 1
1 109 0
1 18 0
0 167 0
1 159 0
1 38 0
1 130 0
0 173 1
0 13 1
0 217 1
1 50 0
0 7 0
1 17 0
0 254 1
0 29 1
1 65 0
0 228 0
1 191 0
1 33 0
0 215 0
1 58 0
1 135 0
1 49 0
0 247 1
0 115 1
1 229 0
1 28 0
1 62 0
0 105 0
0 64 1
1 50 0
1 173 0
